/*--------------------------------*- C++ -*----------------------------------*\
| =========                 |                                                 |
| \\      /  F ield         | OpenFOAM: The Open Source CFD Toolbox           |
|  \\    /   O peration     | Version:  2.3.x                                 |
|   \\  /    A nd           | Web:      www.OpenFOAM.org                      |
|    \\/     M anipulation  |                                                 |
\*---------------------------------------------------------------------------*/
FoamFile
{
    version     2.0;
    format      ascii;
    class       labelList;
    location    "constant/solid2/polyMesh";
    object      cellRegionAddressing;
}
// * * * * * * * * * * * * * * * * * * * * * * * * * * * * * * * * * * * * * //


1000
(
6754
6755
6756
6757
6758
6759
6760
6761
6762
6763
6774
6775
6776
6777
6778
6779
6780
6781
6782
6783
6794
6795
6796
6797
6798
6799
6800
6801
6802
6803
6814
6815
6816
6817
6818
6819
6820
6821
6822
6823
6834
6835
6836
6837
6838
6839
6840
6841
6842
6843
6854
6855
6856
6857
6858
6859
6860
6861
6862
6863
6874
6875
6876
6877
6878
6879
6880
6881
6882
6883
6894
6895
6896
6897
6898
6899
6900
6901
6902
6903
6914
6915
6916
6917
6918
6919
6920
6921
6922
6923
6934
6935
6936
6937
6938
6939
6940
6941
6942
6943
6954
6955
6956
6957
6958
6959
6960
6961
6962
6963
6974
6975
6976
6977
6978
6979
6980
6981
6982
6983
6994
6995
6996
6997
6998
6999
7000
7001
7002
7003
7014
7015
7016
7017
7018
7019
7020
7021
7022
7023
7034
7035
7036
7037
7038
7039
7040
7041
7042
7043
7054
7055
7056
7057
7058
7059
7060
7061
7062
7063
7074
7075
7076
7077
7078
7079
7080
7081
7082
7083
7094
7095
7096
7097
7098
7099
7100
7101
7102
7103
7114
7115
7116
7117
7118
7119
7120
7121
7122
7123
7134
7135
7136
7137
7138
7139
7140
7141
7142
7143
7154
7155
7156
7157
7158
7159
7160
7161
7162
7163
7174
7175
7176
7177
7178
7179
7180
7181
7182
7183
7194
7195
7196
7197
7198
7199
7200
7201
7202
7203
7214
7215
7216
7217
7218
7219
7220
7221
7222
7223
7234
7235
7236
7237
7238
7239
7240
7241
7242
7243
7254
7255
7256
7257
7258
7259
7260
7261
7262
7263
7274
7275
7276
7277
7278
7279
7280
7281
7282
7283
7294
7295
7296
7297
7298
7299
7300
7301
7302
7303
7314
7315
7316
7317
7318
7319
7320
7321
7322
7323
7334
7335
7336
7337
7338
7339
7340
7341
7342
7343
7354
7355
7356
7357
7358
7359
7360
7361
7362
7363
7374
7375
7376
7377
7378
7379
7380
7381
7382
7383
7394
7395
7396
7397
7398
7399
7400
7401
7402
7403
7414
7415
7416
7417
7418
7419
7420
7421
7422
7423
7434
7435
7436
7437
7438
7439
7440
7441
7442
7443
7454
7455
7456
7457
7458
7459
7460
7461
7462
7463
7474
7475
7476
7477
7478
7479
7480
7481
7482
7483
7494
7495
7496
7497
7498
7499
7500
7501
7502
7503
7514
7515
7516
7517
7518
7519
7520
7521
7522
7523
7534
7535
7536
7537
7538
7539
7540
7541
7542
7543
7554
7555
7556
7557
7558
7559
7560
7561
7562
7563
7574
7575
7576
7577
7578
7579
7580
7581
7582
7583
7594
7595
7596
7597
7598
7599
7600
7601
7602
7603
7614
7615
7616
7617
7618
7619
7620
7621
7622
7623
7634
7635
7636
7637
7638
7639
7640
7641
7642
7643
7654
7655
7656
7657
7658
7659
7660
7661
7662
7663
7674
7675
7676
7677
7678
7679
7680
7681
7682
7683
7694
7695
7696
7697
7698
7699
7700
7701
7702
7703
7714
7715
7716
7717
7718
7719
7720
7721
7722
7723
7734
7735
7736
7737
7738
7739
7740
7741
7742
7743
7754
7755
7756
7757
7758
7759
7760
7761
7762
7763
7774
7775
7776
7777
7778
7779
7780
7781
7782
7783
7794
7795
7796
7797
7798
7799
7800
7801
7802
7803
7814
7815
7816
7817
7818
7819
7820
7821
7822
7823
7834
7835
7836
7837
7838
7839
7840
7841
7842
7843
7854
7855
7856
7857
7858
7859
7860
7861
7862
7863
7874
7875
7876
7877
7878
7879
7880
7881
7882
7883
7894
7895
7896
7897
7898
7899
7900
7901
7902
7903
7914
7915
7916
7917
7918
7919
7920
7921
7922
7923
7934
7935
7936
7937
7938
7939
7940
7941
7942
7943
7954
7955
7956
7957
7958
7959
7960
7961
7962
7963
7974
7975
7976
7977
7978
7979
7980
7981
7982
7983
7994
7995
7996
7997
7998
7999
8000
8001
8002
8003
8014
8015
8016
8017
8018
8019
8020
8021
8022
8023
8034
8035
8036
8037
8038
8039
8040
8041
8042
8043
8054
8055
8056
8057
8058
8059
8060
8061
8062
8063
8074
8075
8076
8077
8078
8079
8080
8081
8082
8083
8094
8095
8096
8097
8098
8099
8100
8101
8102
8103
8114
8115
8116
8117
8118
8119
8120
8121
8122
8123
8134
8135
8136
8137
8138
8139
8140
8141
8142
8143
8154
8155
8156
8157
8158
8159
8160
8161
8162
8163
8174
8175
8176
8177
8178
8179
8180
8181
8182
8183
8194
8195
8196
8197
8198
8199
8200
8201
8202
8203
8214
8215
8216
8217
8218
8219
8220
8221
8222
8223
8234
8235
8236
8237
8238
8239
8240
8241
8242
8243
8254
8255
8256
8257
8258
8259
8260
8261
8262
8263
8274
8275
8276
8277
8278
8279
8280
8281
8282
8283
8294
8295
8296
8297
8298
8299
8300
8301
8302
8303
8314
8315
8316
8317
8318
8319
8320
8321
8322
8323
8334
8335
8336
8337
8338
8339
8340
8341
8342
8343
8354
8355
8356
8357
8358
8359
8360
8361
8362
8363
8374
8375
8376
8377
8378
8379
8380
8381
8382
8383
8394
8395
8396
8397
8398
8399
8400
8401
8402
8403
8414
8415
8416
8417
8418
8419
8420
8421
8422
8423
8434
8435
8436
8437
8438
8439
8440
8441
8442
8443
8454
8455
8456
8457
8458
8459
8460
8461
8462
8463
8474
8475
8476
8477
8478
8479
8480
8481
8482
8483
8494
8495
8496
8497
8498
8499
8500
8501
8502
8503
8514
8515
8516
8517
8518
8519
8520
8521
8522
8523
8534
8535
8536
8537
8538
8539
8540
8541
8542
8543
8554
8555
8556
8557
8558
8559
8560
8561
8562
8563
8574
8575
8576
8577
8578
8579
8580
8581
8582
8583
8594
8595
8596
8597
8598
8599
8600
8601
8602
8603
8614
8615
8616
8617
8618
8619
8620
8621
8622
8623
8634
8635
8636
8637
8638
8639
8640
8641
8642
8643
8654
8655
8656
8657
8658
8659
8660
8661
8662
8663
8674
8675
8676
8677
8678
8679
8680
8681
8682
8683
8694
8695
8696
8697
8698
8699
8700
8701
8702
8703
8714
8715
8716
8717
8718
8719
8720
8721
8722
8723
8734
8735
8736
8737
8738
8739
8740
8741
8742
8743
)


// ************************************************************************* //
