/*--------------------------------*- C++ -*----------------------------------*\
| =========                 |                                                 |
| \\      /  F ield         | OpenFOAM: The Open Source CFD Toolbox           |
|  \\    /   O peration     | Version:  2.3.x                                 |
|   \\  /    A nd           | Web:      www.OpenFOAM.org                      |
|    \\/     M anipulation  |                                                 |
\*---------------------------------------------------------------------------*/
FoamFile
{
    version     2.0;
    format      ascii;
    class       faceList;
    location    "constant/solid2/polyMesh";
    object      faces;
}
// * * * * * * * * * * * * * * * * * * * * * * * * * * * * * * * * * * * * * //


2814
(
4(843 314 818 216)
4(818 315 868 216)
4(868 316 843 216)
4(1 319 869 318)
4(844 317 819 217)
4(819 318 869 217)
4(869 319 844 217)
4(2 322 872 321)
4(845 320 820 218)
4(820 321 872 218)
4(872 322 845 218)
4(3 325 875 324)
4(846 323 821 219)
4(821 324 875 219)
4(875 325 846 219)
4(4 328 878 327)
4(847 326 822 220)
4(822 327 878 220)
4(878 328 847 220)
4(6 331 870 333)
4(870 331 823 221)
4(823 332 884 221)
4(884 333 870 221)
4(7 334 873 336)
4(7 336 885 335)
4(873 334 824 222)
4(824 335 885 222)
4(885 336 873 222)
4(8 337 876 339)
4(8 339 888 338)
4(876 337 825 223)
4(825 338 888 223)
4(888 339 876 223)
4(9 340 879 342)
4(9 342 891 341)
4(879 340 826 224)
4(826 341 891 224)
4(891 342 879 224)
4(10 343 881 345)
4(10 345 894 344)
4(881 343 827 225)
4(827 344 894 225)
4(894 345 881 225)
4(12 348 886 350)
4(886 348 828 226)
4(828 349 900 226)
4(900 350 886 226)
4(13 351 889 353)
4(13 353 901 352)
4(889 351 829 227)
4(829 352 901 227)
4(901 353 889 227)
4(14 354 892 356)
4(14 356 904 355)
4(892 354 830 228)
4(830 355 904 228)
4(904 356 892 228)
4(15 357 895 359)
4(15 359 907 358)
4(895 357 831 229)
4(831 358 907 229)
4(907 359 895 229)
4(16 360 897 362)
4(16 362 910 361)
4(897 360 832 230)
4(832 361 910 230)
4(910 362 897 230)
4(18 365 902 367)
4(902 365 833 231)
4(833 366 916 231)
4(916 367 902 231)
4(19 368 905 370)
4(19 370 917 369)
4(905 368 834 232)
4(834 369 917 232)
4(917 370 905 232)
4(20 371 908 373)
4(20 373 920 372)
4(908 371 835 233)
4(835 372 920 233)
4(920 373 908 233)
4(21 374 911 376)
4(21 376 923 375)
4(911 374 836 234)
4(836 375 923 234)
4(923 376 911 234)
4(22 377 913 379)
4(22 379 926 378)
4(913 377 837 235)
4(837 378 926 235)
4(926 379 913 235)
4(24 382 918 384)
4(918 382 838 236)
4(838 383 932 236)
4(932 384 918 236)
4(25 385 921 387)
4(25 387 933 386)
4(921 385 839 237)
4(839 386 933 237)
4(933 387 921 237)
4(26 388 924 390)
4(26 390 936 389)
4(924 388 840 238)
4(840 389 936 238)
4(936 390 924 238)
4(27 391 927 393)
4(27 393 939 392)
4(927 391 841 239)
4(841 392 939 239)
4(939 393 927 239)
4(28 394 929 396)
4(28 396 942 395)
4(929 394 842 240)
4(842 395 942 240)
4(942 396 929 240)
4(36 412 871 410)
4(848 410 871 241)
4(948 411 848 241)
4(871 412 948 241)
4(37 415 874 413)
4(37 414 949 415)
4(849 413 874 242)
4(949 414 849 242)
4(874 415 949 242)
4(38 418 877 416)
4(38 417 952 418)
4(850 416 877 243)
4(952 417 850 243)
4(877 418 952 243)
4(39 421 880 419)
4(39 420 955 421)
4(851 419 880 244)
4(955 420 851 244)
4(880 421 955 244)
4(40 424 882 422)
4(40 423 958 424)
4(852 422 882 245)
4(958 423 852 245)
4(882 424 958 245)
4(66 490 887 489)
4(66 489 950 491)
4(950 489 887 246)
4(887 490 964 246)
4(964 491 950 246)
6(68 496 74 104 98 497)
6(73 511 103 104 74 509)
6(97 567 98 104 103 568)
4(67 493 890 492)
4(68 492 890 496)
4(73 509 890 493)
4(74 496 890 509)
4(67 492 953 494)
4(68 497 953 492)
4(97 494 953 567)
4(98 567 953 497)
4(67 494 965 493)
4(73 493 965 511)
4(97 568 965 494)
4(103 511 965 568)
6(69 499 75 105 99 500)
5(74 104 105 75 512)
5(98 570 99 105 104)
4(68 496 893 495)
4(69 495 893 499)
4(74 512 893 496)
4(75 499 893 512)
4(68 495 956 497)
4(69 500 956 495)
4(98 497 956 570)
4(99 570 956 500)
4(70 502 968 503)
6(75 105 106 518 76 514)
6(99 572 100 575 106 105)
4(69 499 896 498)
4(70 498 896 502)
4(75 514 896 499)
4(76 502 896 514)
4(69 498 959 500)
4(70 503 959 498)
4(99 500 959 572)
4(100 572 959 503)
4(76 518 968 502)
4(100 503 968 575)
4(106 575 968 518)
4(70 502 898 501)
4(70 501 961 503)
4(961 501 898 247)
4(898 502 968 247)
4(968 503 961 247)
4(72 507 903 506)
4(72 506 966 508)
4(966 506 903 248)
4(903 507 972 248)
4(972 508 966 248)
5(74 513 80 110 104)
6(79 526 109 110 80 524)
5(103 104 110 109 582)
4(73 510 906 509)
4(74 509 906 513)
4(79 524 906 510)
4(80 513 906 524)
4(73 511 973 510)
4(79 510 973 526)
4(103 582 973 511)
4(109 526 973 582)
5(75 515 81 111 105)
5(80 110 111 81 527)
4(104 105 111 110)
4(74 513 909 512)
4(75 512 909 515)
4(80 527 909 513)
4(81 515 909 527)
4(76 517 976 518)
6(81 111 112 533 82 529)
5(105 106 585 112 111)
4(75 515 912 514)
4(76 514 912 517)
4(81 529 912 515)
4(82 517 912 529)
4(82 533 976 517)
4(106 518 976 585)
4(112 585 976 533)
4(76 517 914 516)
4(76 516 969 518)
4(969 516 914 249)
4(914 517 976 249)
4(976 518 969 249)
4(78 522 919 521)
4(78 521 974 523)
4(974 521 919 250)
4(919 522 980 250)
4(980 523 974 250)
6(80 528 86 544 116 110)
4(85 541 984 539)
6(109 110 116 602 115 592)
4(79 525 922 524)
4(80 524 922 528)
4(85 539 922 525)
4(86 528 922 539)
4(79 526 981 525)
4(85 525 981 541)
4(109 592 981 526)
4(115 541 981 592)
4(86 539 984 544)
4(115 602 984 541)
4(116 544 984 602)
6(81 530 87 547 117 111)
4(86 544 985 542)
5(110 111 117 605 116)
4(80 528 925 527)
4(81 527 925 530)
4(86 542 925 528)
4(87 530 925 542)
4(87 542 985 547)
4(116 605 985 544)
4(117 547 985 605)
4(82 532 986 533)
4(87 547 987 545)
6(111 112 595 118 608 117)
4(81 530 928 529)
4(82 529 928 532)
4(87 545 928 530)
4(88 532 928 545)
4(88 550 986 532)
4(112 533 986 595)
4(118 595 986 550)
4(88 545 987 550)
4(117 608 987 547)
4(118 550 987 608)
4(82 532 930 531)
4(82 531 977 533)
4(977 531 930 251)
4(930 532 986 251)
4(986 533 977 251)
4(84 537 934 536)
4(84 536 982 538)
4(982 536 934 252)
4(934 537 991 252)
4(991 538 982 252)
4(85 540 937 539)
4(85 541 992 540)
4(984 539 937 253)
4(937 540 992 253)
4(992 541 984 253)
4(86 543 940 542)
4(86 544 995 543)
4(985 542 940 254)
4(940 543 995 254)
4(995 544 985 254)
4(87 546 943 545)
4(87 547 998 546)
4(987 545 943 255)
4(943 546 998 255)
4(998 547 987 255)
4(88 549 945 548)
4(88 548 988 550)
4(88 550 1001 549)
4(988 548 945 256)
4(945 549 1001 256)
4(1001 550 988 256)
4(42 429 951 427)
4(853 427 951 257)
4(1007 428 853 257)
4(951 429 1007 257)
4(43 432 954 430)
4(43 431 1008 432)
4(854 430 954 258)
4(1008 431 854 258)
4(954 432 1008 258)
4(44 435 957 433)
4(44 434 1011 435)
4(855 433 957 259)
4(1011 434 855 259)
4(957 435 1011 259)
4(45 438 960 436)
4(45 437 1014 438)
4(856 436 960 260)
4(1014 437 856 260)
4(960 438 1014 260)
4(46 441 962 439)
4(46 440 1017 441)
4(857 439 962 261)
4(1017 440 857 261)
4(962 441 1017 261)
4(96 565 967 564)
4(96 564 1009 566)
4(1009 564 967 262)
4(967 565 1023 262)
4(1023 566 1009 262)
5(98 104 134 128 571)
5(103 583 133 134 104)
6(127 630 128 134 133 631)
4(97 567 1012 569)
4(98 571 1012 567)
4(127 569 1012 630)
4(128 630 1012 571)
4(97 569 1024 568)
4(103 568 1024 583)
4(127 631 1024 569)
4(133 583 1024 631)
5(99 105 135 129 573)
4(104 134 135 105)
5(128 633 129 135 134)
4(98 570 1015 571)
4(99 573 1015 570)
4(128 571 1015 633)
4(129 633 1015 573)
4(100 575 1027 576)
5(105 135 136 586 106)
6(129 635 130 638 136 135)
4(99 572 1018 573)
4(100 576 1018 572)
4(129 573 1018 635)
4(130 635 1018 576)
4(106 586 1027 575)
4(130 576 1027 638)
4(136 638 1027 586)
4(100 575 970 574)
4(100 574 1020 576)
4(1020 574 970 263)
4(970 575 1027 263)
4(1027 576 1020 263)
4(102 580 975 579)
4(102 579 1025 581)
4(1025 579 975 264)
4(975 580 1031 264)
4(1031 581 1025 264)
4(104 110 140 134)
5(109 593 139 140 110)
5(133 134 140 139 645)
4(103 583 1032 582)
4(109 582 1032 593)
4(133 645 1032 583)
4(139 593 1032 645)
4(105 111 141 135)
4(110 140 141 111)
4(134 135 141 140)
4(106 585 1035 586)
5(111 141 142 596 112)
5(135 136 648 142 141)
4(112 596 1035 585)
4(136 586 1035 648)
4(142 648 1035 596)
4(106 585 978 584)
4(106 584 1028 586)
4(1028 584 978 265)
4(978 585 1035 265)
4(1035 586 1028 265)
4(108 590 983 589)
4(108 589 1033 591)
4(1033 589 983 266)
4(983 590 1039 266)
4(1039 591 1033 266)
5(110 116 607 146 140)
4(115 604 1043 602)
6(139 140 146 665 145 655)
4(109 593 1040 592)
4(115 592 1040 604)
4(139 655 1040 593)
4(145 604 1040 655)
4(116 602 1043 607)
4(145 665 1043 604)
4(146 607 1043 665)
5(111 117 610 147 141)
4(116 607 1044 605)
5(140 141 147 668 146)
4(117 605 1044 610)
4(146 668 1044 607)
4(147 610 1044 668)
4(112 595 1045 596)
4(117 610 1046 608)
6(141 142 658 148 671 147)
4(118 613 1045 595)
4(142 596 1045 658)
4(148 658 1045 613)
4(118 608 1046 613)
4(147 671 1046 610)
4(148 613 1046 671)
4(112 595 989 594)
4(112 594 1036 596)
4(1036 594 989 267)
4(989 595 1045 267)
4(1045 596 1036 267)
4(114 600 993 599)
4(114 599 1041 601)
4(1041 599 993 268)
4(993 600 1050 268)
4(1050 601 1041 268)
4(115 603 996 602)
4(115 604 1051 603)
4(1043 602 996 269)
4(996 603 1051 269)
4(1051 604 1043 269)
4(116 606 999 605)
4(116 607 1054 606)
4(1044 605 999 270)
4(999 606 1054 270)
4(1054 607 1044 270)
4(117 609 1002 608)
4(117 610 1057 609)
4(1046 608 1002 271)
4(1002 609 1057 271)
4(1057 610 1046 271)
4(118 612 1004 611)
4(118 611 1047 613)
4(118 613 1060 612)
4(1047 611 1004 272)
4(1004 612 1060 272)
4(1060 613 1047 272)
4(48 446 1010 444)
4(858 444 1010 273)
4(1066 445 858 273)
4(1010 446 1066 273)
4(49 449 1013 447)
4(49 448 1067 449)
4(859 447 1013 274)
4(1067 448 859 274)
4(1013 449 1067 274)
4(50 452 1016 450)
4(50 451 1070 452)
4(860 450 1016 275)
4(1070 451 860 275)
4(1016 452 1070 275)
4(51 455 1019 453)
4(51 454 1073 455)
4(861 453 1019 276)
4(1073 454 861 276)
4(1019 455 1073 276)
4(52 458 1021 456)
4(52 457 1076 458)
4(862 456 1021 277)
4(1076 457 862 277)
4(1021 458 1076 277)
4(126 628 1026 627)
4(126 627 1068 629)
4(1068 627 1026 278)
4(1026 628 1082 278)
4(1082 629 1068 278)
6(128 134 164 697 158 634)
6(133 646 163 710 164 134)
4(157 693 1086 694)
4(127 630 1071 632)
4(128 634 1071 630)
4(157 632 1071 693)
4(158 693 1071 634)
4(127 632 1083 631)
4(133 631 1083 646)
4(157 694 1083 632)
4(163 646 1083 694)
4(158 697 1086 693)
4(163 694 1086 710)
4(164 710 1086 697)
6(129 135 165 700 159 636)
5(134 164 713 165 135)
4(158 696 1087 697)
4(128 633 1074 634)
4(129 636 1074 633)
4(158 634 1074 696)
4(159 696 1074 636)
4(159 700 1087 696)
4(164 697 1087 713)
4(165 713 1087 700)
4(130 638 1088 639)
6(135 165 716 166 649 136)
4(159 699 1089 700)
4(129 635 1077 636)
4(130 639 1077 635)
4(159 636 1077 699)
4(160 699 1077 639)
4(136 649 1088 638)
4(160 639 1088 703)
4(166 703 1088 649)
4(160 703 1089 699)
4(165 700 1089 716)
4(166 716 1089 703)
4(130 638 1029 637)
4(130 637 1079 639)
4(1079 637 1029 279)
4(1029 638 1088 279)
4(1088 639 1079 279)
4(132 643 1034 642)
4(132 642 1084 644)
4(1084 642 1034 280)
4(1034 643 1093 280)
4(1093 644 1084 280)
5(134 140 170 714 164)
6(139 656 169 727 170 140)
4(163 710 1097 711)
4(133 646 1094 645)
4(139 645 1094 656)
4(163 711 1094 646)
4(169 656 1094 711)
4(164 714 1097 710)
4(169 711 1097 727)
4(170 727 1097 714)
5(135 141 171 717 165)
5(140 170 730 171 141)
4(164 713 1098 714)
4(165 717 1098 713)
4(170 714 1098 730)
4(171 730 1098 717)
4(136 648 1099 649)
6(141 171 733 172 659 142)
4(165 716 1100 717)
4(142 659 1099 648)
4(166 649 1099 720)
4(172 720 1099 659)
4(166 720 1100 716)
4(171 717 1100 733)
4(172 733 1100 720)
4(136 648 1037 647)
4(136 647 1090 649)
4(1090 647 1037 281)
4(1037 648 1099 281)
4(1099 649 1090 281)
4(138 653 1042 652)
4(138 652 1095 654)
4(1095 652 1042 282)
4(1042 653 1104 282)
4(1104 654 1095 282)
6(140 146 670 176 731 170)
4(145 667 1108 665)
4(169 727 1109 728)
4(139 656 1105 655)
4(145 655 1105 667)
4(169 728 1105 656)
4(175 667 1105 728)
4(146 665 1108 670)
4(175 744 1108 667)
4(176 670 1108 744)
4(170 731 1109 727)
4(175 728 1109 744)
4(176 744 1109 731)
6(141 147 673 177 734 171)
4(146 670 1110 668)
4(170 730 1111 731)
4(147 668 1110 673)
4(176 747 1110 670)
4(177 673 1110 747)
4(171 734 1111 730)
4(176 731 1111 747)
4(177 747 1111 734)
4(142 658 1112 659)
4(147 673 1113 671)
4(171 733 1114 734)
4(148 676 1112 658)
4(172 659 1112 737)
4(178 737 1112 676)
4(148 671 1113 676)
4(177 750 1113 673)
4(178 676 1113 750)
4(172 737 1114 733)
4(177 734 1114 750)
4(178 750 1114 737)
4(142 658 1048 657)
4(142 657 1101 659)
4(1101 657 1048 283)
4(1048 658 1112 283)
4(1112 659 1101 283)
4(144 663 1052 662)
4(144 662 1106 664)
4(1106 662 1052 284)
4(1052 663 1118 284)
4(1118 664 1106 284)
4(145 666 1055 665)
4(145 667 1119 666)
4(1108 665 1055 285)
4(1055 666 1119 285)
4(1119 667 1108 285)
4(146 669 1058 668)
4(146 670 1122 669)
4(1110 668 1058 286)
4(1058 669 1122 286)
4(1122 670 1110 286)
4(147 672 1061 671)
4(147 673 1125 672)
4(1113 671 1061 287)
4(1061 672 1125 287)
4(1125 673 1113 287)
4(148 675 1063 674)
4(148 674 1115 676)
4(148 676 1128 675)
4(1115 674 1063 288)
4(1063 675 1128 288)
4(1128 676 1115 288)
4(54 463 1069 461)
4(863 461 1069 289)
4(1134 462 863 289)
4(1069 463 1134 289)
4(55 466 1072 464)
4(55 465 1135 466)
4(864 464 1072 290)
4(1135 465 864 290)
4(1072 466 1135 290)
4(56 469 1075 467)
4(56 468 1138 469)
4(865 467 1075 291)
4(1138 468 865 291)
4(1075 469 1138 291)
4(57 472 1078 470)
4(57 471 1141 472)
4(866 470 1078 292)
4(1141 471 866 292)
4(1078 472 1141 292)
4(58 475 1080 473)
4(58 474 1144 475)
4(867 473 1080 293)
4(1144 474 867 293)
4(1080 475 1144 293)
4(156 691 1085 690)
4(156 690 1136 692)
4(1136 690 1085 294)
4(1085 691 1150 294)
4(1150 692 1136 294)
4(157 693 1139 695)
4(157 695 1151 694)
4(1139 693 1086 295)
4(1086 694 1151 295)
4(1151 695 1139 295)
4(158 696 1142 698)
4(158 698 1154 697)
4(1142 696 1087 296)
4(1087 697 1154 296)
4(1154 698 1142 296)
4(159 699 1145 701)
4(159 701 1157 700)
4(1145 699 1089 297)
4(1089 700 1157 297)
4(1157 701 1145 297)
4(160 703 1091 702)
4(160 702 1147 704)
4(160 704 1160 703)
4(1147 702 1091 298)
4(1091 703 1160 298)
4(1160 704 1147 298)
4(162 708 1096 707)
4(162 707 1152 709)
4(1152 707 1096 299)
4(1096 708 1166 299)
4(1166 709 1152 299)
4(163 710 1155 712)
4(163 712 1167 711)
4(1155 710 1097 300)
4(1097 711 1167 300)
4(1167 712 1155 300)
4(164 713 1158 715)
4(164 715 1170 714)
4(1158 713 1098 301)
4(1098 714 1170 301)
4(1170 715 1158 301)
4(165 716 1161 718)
4(165 718 1173 717)
4(1161 716 1100 302)
4(1100 717 1173 302)
4(1173 718 1161 302)
4(166 720 1102 719)
4(166 719 1163 721)
4(166 721 1176 720)
4(1163 719 1102 303)
4(1102 720 1176 303)
4(1176 721 1163 303)
4(168 725 1107 724)
4(168 724 1168 726)
4(1168 724 1107 304)
4(1107 725 1182 304)
4(1182 726 1168 304)
4(169 727 1171 729)
4(169 729 1183 728)
4(1171 727 1109 305)
4(1109 728 1183 305)
4(1183 729 1171 305)
4(170 730 1174 732)
4(170 732 1186 731)
4(1174 730 1111 306)
4(1111 731 1186 306)
4(1186 732 1174 306)
4(171 733 1177 735)
4(171 735 1189 734)
4(1177 733 1114 307)
4(1114 734 1189 307)
4(1189 735 1177 307)
4(172 737 1116 736)
4(172 736 1179 738)
4(172 738 1192 737)
4(1179 736 1116 308)
4(1116 737 1192 308)
4(1192 738 1179 308)
4(174 742 1120 741)
4(174 741 1184 743)
4(1184 741 1120 309)
4(1120 742 1198 309)
4(1198 743 1184 309)
4(175 745 1123 744)
4(175 744 1187 746)
4(175 746 1199 745)
4(1187 744 1123 310)
4(1123 745 1199 310)
4(1199 746 1187 310)
4(176 748 1126 747)
4(176 747 1190 749)
4(176 749 1202 748)
4(1190 747 1126 311)
4(1126 748 1202 311)
4(1202 749 1190 311)
4(177 751 1129 750)
4(177 750 1193 752)
4(177 752 1205 751)
4(1193 750 1129 312)
4(1129 751 1205 312)
4(1205 752 1193 312)
4(178 754 1131 753)
4(178 753 1195 755)
4(178 755 1208 754)
4(1195 753 1131 313)
4(1131 754 1208 313)
4(1208 755 1195 313)
4(869 318 818 216)
4(869 216 843 319)
4(870 216 818 331)
4(870 333 868 216)
4(870 216 869 336)
4(7 336 869 318)
4(7 331 870 336)
4(871 410 843 216)
4(871 216 868 412)
4(871 415 869 216)
4(37 319 869 415)
4(37 415 871 410)
4(871 216 870 489)
4(66 489 870 333)
4(66 412 871 489)
4(67 415 869 336)
4(67 336 870 489)
4(67 489 871 415)
4(872 321 819 217)
4(872 217 844 322)
4(873 217 819 334)
4(873 336 869 217)
4(873 217 872 339)
4(8 339 872 321)
4(8 334 873 339)
4(874 413 844 217)
4(874 217 869 415)
4(874 418 872 217)
4(38 322 872 418)
4(38 418 874 413)
4(874 217 873 492)
4(67 492 873 336)
4(67 415 874 492)
4(68 418 872 339)
4(68 339 873 492)
4(68 492 874 418)
4(875 324 820 218)
4(875 218 845 325)
4(876 218 820 337)
4(876 339 872 218)
4(876 218 875 342)
4(9 342 875 324)
4(9 337 876 342)
4(877 416 845 218)
4(877 218 872 418)
4(877 421 875 218)
4(39 325 875 421)
4(39 421 877 416)
4(877 218 876 495)
4(68 495 876 339)
4(68 418 877 495)
4(69 421 875 342)
4(69 342 876 495)
4(69 495 877 421)
4(878 327 821 219)
4(878 219 846 328)
4(879 219 821 340)
4(879 342 875 219)
4(879 219 878 345)
4(10 345 878 327)
4(10 340 879 345)
4(880 419 846 219)
4(880 219 875 421)
4(880 424 878 219)
4(40 328 878 424)
4(40 424 880 419)
4(880 219 879 498)
4(69 498 879 342)
4(69 421 880 498)
4(70 424 878 345)
4(70 345 879 498)
4(70 498 880 424)
4(883 329 822 220)
4(883 220 847 330)
4(881 220 822 343)
4(881 345 878 220)
4(883 347 881 220)
4(11 343 881 347)
4(882 422 847 220)
4(882 220 878 424)
4(883 220 882 426)
4(41 426 882 422)
4(882 220 881 501)
4(70 501 881 345)
4(70 424 882 501)
4(71 347 881 501)
4(71 501 882 426)
4(885 335 823 221)
4(885 221 870 336)
4(886 221 823 348)
4(886 350 884 221)
4(886 221 885 353)
4(13 353 885 335)
4(13 348 886 353)
4(887 489 870 221)
4(887 221 884 490)
4(887 493 885 221)
4(67 336 885 493)
4(67 493 887 489)
4(887 221 886 506)
4(72 506 886 350)
4(72 490 887 506)
4(73 493 885 353)
4(73 353 886 506)
4(73 506 887 493)
4(888 338 824 222)
4(888 222 873 339)
4(889 222 824 351)
4(889 353 885 222)
4(889 222 888 356)
4(14 356 888 338)
4(14 351 889 356)
4(890 492 873 222)
4(890 222 885 493)
4(890 496 888 222)
4(68 339 888 496)
4(890 222 889 509)
4(73 509 889 353)
4(74 496 888 356)
4(74 356 889 509)
4(891 341 825 223)
4(891 223 876 342)
4(892 223 825 354)
4(892 356 888 223)
4(892 223 891 359)
4(15 359 891 341)
4(15 354 892 359)
4(893 495 876 223)
4(893 223 888 496)
4(893 499 891 223)
4(69 342 891 499)
4(893 223 892 512)
4(74 512 892 356)
4(75 499 891 359)
4(75 359 892 512)
4(894 344 826 224)
4(894 224 879 345)
4(895 224 826 357)
4(895 359 891 224)
4(895 224 894 362)
4(16 362 894 344)
4(16 357 895 362)
4(896 498 879 224)
4(896 224 891 499)
4(896 502 894 224)
4(70 345 894 502)
4(896 224 895 514)
4(75 514 895 359)
4(76 502 894 362)
4(76 362 895 514)
4(899 346 827 225)
4(899 225 881 347)
4(897 225 827 360)
4(897 362 894 225)
4(899 364 897 225)
4(17 360 897 364)
4(898 501 881 225)
4(898 225 894 502)
4(899 225 898 504)
4(71 504 898 501)
4(898 225 897 516)
4(76 516 897 362)
4(76 502 898 516)
4(77 364 897 516)
4(77 516 898 504)
4(901 352 828 226)
4(901 226 886 353)
4(902 226 828 365)
4(902 367 900 226)
4(902 226 901 370)
4(19 370 901 352)
4(19 365 902 370)
4(903 506 886 226)
4(903 226 900 507)
4(903 510 901 226)
4(73 353 901 510)
4(73 510 903 506)
4(903 226 902 521)
4(78 521 902 367)
4(78 507 903 521)
4(79 510 901 370)
4(79 370 902 521)
4(79 521 903 510)
4(904 355 829 227)
4(904 227 889 356)
4(905 227 829 368)
4(905 370 901 227)
4(905 227 904 373)
4(20 373 904 355)
4(20 368 905 373)
4(906 509 889 227)
4(906 227 901 510)
4(906 513 904 227)
4(74 356 904 513)
4(906 227 905 524)
4(79 524 905 370)
4(80 513 904 373)
4(80 373 905 524)
4(907 358 830 228)
4(907 228 892 359)
4(908 228 830 371)
4(908 373 904 228)
4(908 228 907 376)
4(21 376 907 358)
4(21 371 908 376)
4(909 512 892 228)
4(909 228 904 513)
4(909 515 907 228)
4(75 359 907 515)
4(909 228 908 527)
4(80 527 908 373)
4(81 515 907 376)
4(81 376 908 527)
4(910 361 831 229)
4(910 229 895 362)
4(911 229 831 374)
4(911 376 907 229)
4(911 229 910 379)
4(22 379 910 361)
4(22 374 911 379)
4(912 514 895 229)
4(912 229 907 515)
4(912 517 910 229)
4(76 362 910 517)
4(912 229 911 529)
4(81 529 911 376)
4(82 517 910 379)
4(82 379 911 529)
4(915 363 832 230)
4(915 230 897 364)
4(913 230 832 377)
4(913 379 910 230)
4(915 381 913 230)
4(23 377 913 381)
4(914 516 897 230)
4(914 230 910 517)
4(915 230 914 519)
4(77 519 914 516)
4(914 230 913 531)
4(82 531 913 379)
4(82 517 914 531)
4(83 381 913 531)
4(83 531 914 519)
4(917 369 833 231)
4(917 231 902 370)
4(918 231 833 382)
4(918 384 916 231)
4(918 231 917 387)
4(25 387 917 369)
4(25 382 918 387)
4(919 521 902 231)
4(919 231 916 522)
4(919 525 917 231)
4(79 370 917 525)
4(79 525 919 521)
4(919 231 918 536)
4(84 536 918 384)
4(84 522 919 536)
4(85 525 917 387)
4(85 387 918 536)
4(85 536 919 525)
4(920 372 834 232)
4(920 232 905 373)
4(921 232 834 385)
4(921 387 917 232)
4(921 232 920 390)
4(26 390 920 372)
4(26 385 921 390)
4(922 524 905 232)
4(922 232 917 525)
4(922 528 920 232)
4(80 373 920 528)
4(922 232 921 539)
4(85 539 921 387)
4(86 528 920 390)
4(86 390 921 539)
4(923 375 835 233)
4(923 233 908 376)
4(924 233 835 388)
4(924 390 920 233)
4(924 233 923 393)
4(27 393 923 375)
4(27 388 924 393)
4(925 527 908 233)
4(925 233 920 528)
4(925 530 923 233)
4(81 376 923 530)
4(925 233 924 542)
4(86 542 924 390)
4(87 530 923 393)
4(87 393 924 542)
4(926 378 836 234)
4(926 234 911 379)
4(927 234 836 391)
4(927 393 923 234)
4(927 234 926 396)
4(28 396 926 378)
4(28 391 927 396)
4(928 529 911 234)
4(928 234 923 530)
4(928 532 926 234)
4(82 379 926 532)
4(928 234 927 545)
4(87 545 927 393)
4(88 532 926 396)
4(88 396 927 545)
4(931 380 837 235)
4(931 235 913 381)
4(929 235 837 394)
4(929 396 926 235)
4(931 398 929 235)
4(29 394 929 398)
4(930 531 913 235)
4(930 235 926 532)
4(931 235 930 534)
4(83 534 930 531)
4(930 235 929 548)
4(88 548 929 396)
4(88 532 930 548)
4(89 398 929 548)
4(89 548 930 534)
4(933 386 838 236)
4(933 236 918 387)
4(935 236 838 399)
4(935 400 932 236)
4(935 236 933 402)
4(31 402 933 386)
4(934 536 918 236)
4(934 236 932 537)
4(934 540 933 236)
4(85 387 933 540)
4(85 540 934 536)
4(935 553 934 236)
4(90 537 934 553)
4(91 540 933 402)
4(91 553 934 540)
4(936 389 839 237)
4(936 237 921 390)
4(938 237 839 401)
4(938 402 933 237)
4(938 237 936 404)
4(32 404 936 389)
4(937 539 921 237)
4(937 237 933 540)
4(937 543 936 237)
4(86 390 936 543)
4(86 543 937 539)
4(938 555 937 237)
4(91 540 937 555)
4(92 543 936 404)
4(92 555 937 543)
4(939 392 840 238)
4(939 238 924 393)
4(941 238 840 403)
4(941 404 936 238)
4(941 238 939 406)
4(33 406 939 392)
4(940 542 924 238)
4(940 238 936 543)
4(940 546 939 238)
4(87 393 939 546)
4(87 546 940 542)
4(941 557 940 238)
4(92 543 940 557)
4(93 546 939 406)
4(93 557 940 546)
4(942 395 841 239)
4(942 239 927 396)
4(944 239 841 405)
4(944 406 939 239)
4(944 239 942 408)
4(34 408 942 395)
4(943 545 927 239)
4(943 239 939 546)
4(943 549 942 239)
4(88 396 942 549)
4(88 549 943 545)
4(944 559 943 239)
4(93 546 943 559)
4(94 549 942 408)
4(94 559 943 549)
4(946 397 842 240)
4(946 240 929 398)
4(947 240 842 407)
4(947 408 942 240)
4(947 240 946 409)
4(945 548 929 240)
4(945 240 942 549)
4(946 240 945 551)
4(89 551 945 548)
4(947 561 945 240)
4(94 549 945 561)
4(95 561 945 551)
4(949 241 848 414)
4(949 415 871 241)
4(951 427 848 241)
4(951 241 948 429)
4(951 432 949 241)
4(43 414 949 432)
4(43 432 951 427)
4(950 241 871 489)
4(950 491 948 241)
4(950 241 949 494)
4(67 494 949 415)
4(67 489 950 494)
4(951 241 950 564)
4(96 564 950 491)
4(96 429 951 564)
4(97 432 949 494)
4(97 494 950 564)
4(97 564 951 432)
4(952 242 849 417)
4(952 418 874 242)
4(954 430 849 242)
4(954 242 949 432)
4(954 435 952 242)
4(44 417 952 435)
4(44 435 954 430)
4(953 242 874 492)
4(953 494 949 242)
4(953 242 952 497)
4(68 497 952 418)
4(954 242 953 567)
4(97 432 954 567)
4(98 435 952 497)
4(98 567 954 435)
4(955 243 850 420)
4(955 421 877 243)
4(957 433 850 243)
4(957 243 952 435)
4(957 438 955 243)
4(45 420 955 438)
4(45 438 957 433)
4(956 243 877 495)
4(956 497 952 243)
4(956 243 955 500)
4(69 500 955 421)
4(957 243 956 570)
4(98 435 957 570)
4(99 438 955 500)
4(99 570 957 438)
4(958 244 851 423)
4(958 424 880 244)
4(960 436 851 244)
4(960 244 955 438)
4(960 441 958 244)
4(46 423 958 441)
4(46 441 960 436)
4(959 244 880 498)
4(959 500 955 244)
4(959 244 958 503)
4(70 503 958 424)
4(960 244 959 572)
4(99 438 960 572)
4(100 441 958 503)
4(100 572 960 441)
4(963 245 852 425)
4(963 426 882 245)
4(962 439 852 245)
4(962 245 958 441)
4(963 245 962 443)
4(47 443 962 439)
4(961 245 882 501)
4(961 503 958 245)
4(963 505 961 245)
4(71 501 961 505)
4(962 245 961 574)
4(100 574 961 503)
4(100 441 962 574)
4(101 505 961 574)
4(101 574 962 443)
4(965 493 887 246)
4(965 246 950 494)
4(966 246 887 506)
4(966 508 964 246)
4(966 246 965 511)
4(73 506 966 511)
4(967 564 950 246)
4(967 246 964 565)
4(967 568 965 246)
4(97 568 967 564)
4(967 246 966 579)
4(102 579 966 508)
4(102 565 967 579)
4(103 511 966 579)
4(103 579 967 568)
4(971 504 898 247)
4(971 247 961 505)
4(969 247 898 516)
4(969 518 968 247)
4(971 520 969 247)
4(77 516 969 520)
4(970 574 961 247)
4(970 247 968 575)
4(971 247 970 577)
4(101 577 970 574)
4(970 247 969 584)
4(106 584 969 518)
4(106 575 970 584)
4(107 520 969 584)
4(107 584 970 577)
4(973 510 903 248)
4(973 248 966 511)
4(974 248 903 521)
4(974 523 972 248)
4(974 248 973 526)
4(79 521 974 526)
4(975 579 966 248)
4(975 248 972 580)
4(975 582 973 248)
4(103 582 975 579)
4(975 248 974 589)
4(108 589 974 523)
4(108 580 975 589)
4(109 526 974 589)
4(109 589 975 582)
4(979 519 914 249)
4(979 249 969 520)
4(977 249 914 531)
4(977 533 976 249)
4(979 535 977 249)
4(83 531 977 535)
4(978 584 969 249)
4(978 249 976 585)
4(979 249 978 587)
4(107 587 978 584)
4(978 249 977 594)
4(112 594 977 533)
4(112 585 978 594)
4(113 535 977 594)
4(113 594 978 587)
4(981 525 919 250)
4(981 250 974 526)
4(982 250 919 536)
4(982 538 980 250)
4(982 250 981 541)
4(85 536 982 541)
4(983 589 974 250)
4(983 250 980 590)
4(983 592 981 250)
4(109 592 983 589)
4(983 250 982 599)
4(114 599 982 538)
4(114 590 983 599)
4(115 541 982 599)
4(115 599 983 592)
4(990 534 930 251)
4(990 251 977 535)
4(988 251 930 548)
4(988 550 986 251)
4(990 552 988 251)
4(89 548 988 552)
4(989 594 977 251)
4(989 251 986 595)
4(990 251 989 597)
4(113 597 989 594)
4(989 251 988 611)
4(118 611 988 550)
4(118 595 989 611)
4(119 552 988 611)
4(119 611 989 597)
4(992 540 934 252)
4(992 252 982 541)
4(994 252 934 553)
4(994 554 991 252)
4(994 252 992 556)
4(91 556 992 540)
4(993 599 982 252)
4(993 252 991 600)
4(993 603 992 252)
4(115 541 992 603)
4(115 603 993 599)
4(994 616 993 252)
4(120 600 993 616)
4(121 603 992 556)
4(121 616 993 603)
4(995 543 937 253)
4(995 253 984 544)
4(997 253 937 555)
4(997 556 992 253)
4(997 253 995 558)
4(92 558 995 543)
4(996 602 984 253)
4(996 253 992 603)
4(996 606 995 253)
4(116 544 995 606)
4(116 606 996 602)
4(997 618 996 253)
4(121 603 996 618)
4(122 606 995 558)
4(122 618 996 606)
4(998 546 940 254)
4(998 254 985 547)
4(1000 254 940 557)
4(1000 558 995 254)
4(1000 254 998 560)
4(93 560 998 546)
4(999 605 985 254)
4(999 254 995 606)
4(999 609 998 254)
4(117 547 998 609)
4(117 609 999 605)
4(1000 620 999 254)
4(122 606 999 620)
4(123 609 998 560)
4(123 620 999 609)
4(1001 549 943 255)
4(1001 255 987 550)
4(1003 255 943 559)
4(1003 560 998 255)
4(1003 255 1001 562)
4(94 562 1001 549)
4(1002 608 987 255)
4(1002 255 998 609)
4(1002 612 1001 255)
4(118 550 1001 612)
4(118 612 1002 608)
4(1003 622 1002 255)
4(123 609 1002 622)
4(124 612 1001 562)
4(124 622 1002 612)
4(1005 551 945 256)
4(1005 256 988 552)
4(1006 256 945 561)
4(1006 562 1001 256)
4(1006 256 1005 563)
4(1004 611 988 256)
4(1004 256 1001 612)
4(1005 256 1004 614)
4(119 614 1004 611)
4(1006 624 1004 256)
4(124 612 1004 624)
4(125 624 1004 614)
4(1008 257 853 431)
4(1008 432 951 257)
4(1010 444 853 257)
4(1010 257 1007 446)
4(1010 449 1008 257)
4(49 431 1008 449)
4(49 449 1010 444)
4(1009 257 951 564)
4(1009 566 1007 257)
4(1009 257 1008 569)
4(97 569 1008 432)
4(97 564 1009 569)
4(1010 257 1009 627)
4(126 627 1009 566)
4(126 446 1010 627)
4(127 449 1008 569)
4(127 569 1009 627)
4(127 627 1010 449)
4(1011 258 854 434)
4(1011 435 954 258)
4(1013 447 854 258)
4(1013 258 1008 449)
4(1013 452 1011 258)
4(50 434 1011 452)
4(50 452 1013 447)
4(1012 258 954 567)
4(1012 569 1008 258)
4(1012 258 1011 571)
4(98 571 1011 435)
4(1013 258 1012 630)
4(127 449 1013 630)
4(128 452 1011 571)
4(128 630 1013 452)
4(1014 259 855 437)
4(1014 438 957 259)
4(1016 450 855 259)
4(1016 259 1011 452)
4(1016 455 1014 259)
4(51 437 1014 455)
4(51 455 1016 450)
4(1015 259 957 570)
4(1015 571 1011 259)
4(1015 259 1014 573)
4(99 573 1014 438)
4(1016 259 1015 633)
4(128 452 1016 633)
4(129 455 1014 573)
4(129 633 1016 455)
4(1017 260 856 440)
4(1017 441 960 260)
4(1019 453 856 260)
4(1019 260 1014 455)
4(1019 458 1017 260)
4(52 440 1017 458)
4(52 458 1019 453)
4(1018 260 960 572)
4(1018 573 1014 260)
4(1018 260 1017 576)
4(100 576 1017 441)
4(1019 260 1018 635)
4(129 455 1019 635)
4(130 458 1017 576)
4(130 635 1019 458)
4(1022 261 857 442)
4(1022 443 962 261)
4(1021 456 857 261)
4(1021 261 1017 458)
4(1022 261 1021 460)
4(53 460 1021 456)
4(1020 261 962 574)
4(1020 576 1017 261)
4(1022 578 1020 261)
4(101 574 1020 578)
4(1021 261 1020 637)
4(130 637 1020 576)
4(130 458 1021 637)
4(131 578 1020 637)
4(131 637 1021 460)
4(1024 568 967 262)
4(1024 262 1009 569)
4(1025 262 967 579)
4(1025 581 1023 262)
4(1025 262 1024 583)
4(103 579 1025 583)
4(1026 627 1009 262)
4(1026 262 1023 628)
4(1026 631 1024 262)
4(127 631 1026 627)
4(1026 262 1025 642)
4(132 642 1025 581)
4(132 628 1026 642)
4(133 583 1025 642)
4(133 642 1026 631)
4(1030 577 970 263)
4(1030 263 1020 578)
4(1028 263 970 584)
4(1028 586 1027 263)
4(1030 588 1028 263)
4(107 584 1028 588)
4(1029 637 1020 263)
4(1029 263 1027 638)
4(1030 263 1029 640)
4(131 640 1029 637)
4(1029 263 1028 647)
4(136 647 1028 586)
4(136 638 1029 647)
4(137 588 1028 647)
4(137 647 1029 640)
4(1032 582 975 264)
4(1032 264 1025 583)
4(1033 264 975 589)
4(1033 591 1031 264)
4(1033 264 1032 593)
4(109 589 1033 593)
4(1034 642 1025 264)
4(1034 264 1031 643)
4(1034 645 1032 264)
4(133 645 1034 642)
4(1034 264 1033 652)
4(138 652 1033 591)
4(138 643 1034 652)
4(139 593 1033 652)
4(139 652 1034 645)
4(1038 587 978 265)
4(1038 265 1028 588)
4(1036 265 978 594)
4(1036 596 1035 265)
4(1038 598 1036 265)
4(113 594 1036 598)
4(1037 647 1028 265)
4(1037 265 1035 648)
4(1038 265 1037 650)
4(137 650 1037 647)
4(1037 265 1036 657)
4(142 657 1036 596)
4(142 648 1037 657)
4(143 598 1036 657)
4(143 657 1037 650)
4(1040 592 983 266)
4(1040 266 1033 593)
4(1041 266 983 599)
4(1041 601 1039 266)
4(1041 266 1040 604)
4(115 599 1041 604)
4(1042 652 1033 266)
4(1042 266 1039 653)
4(1042 655 1040 266)
4(139 655 1042 652)
4(1042 266 1041 662)
4(144 662 1041 601)
4(144 653 1042 662)
4(145 604 1041 662)
4(145 662 1042 655)
4(1049 597 989 267)
4(1049 267 1036 598)
4(1047 267 989 611)
4(1047 613 1045 267)
4(1049 615 1047 267)
4(119 611 1047 615)
4(1048 657 1036 267)
4(1048 267 1045 658)
4(1049 267 1048 660)
4(143 660 1048 657)
4(1048 267 1047 674)
4(148 674 1047 613)
4(148 658 1048 674)
4(149 615 1047 674)
4(149 674 1048 660)
4(1051 603 993 268)
4(1051 268 1041 604)
4(1053 268 993 616)
4(1053 617 1050 268)
4(1053 268 1051 619)
4(121 619 1051 603)
4(1052 662 1041 268)
4(1052 268 1050 663)
4(1052 666 1051 268)
4(145 604 1051 666)
4(145 666 1052 662)
4(1053 679 1052 268)
4(150 663 1052 679)
4(151 666 1051 619)
4(151 679 1052 666)
4(1054 606 996 269)
4(1054 269 1043 607)
4(1056 269 996 618)
4(1056 619 1051 269)
4(1056 269 1054 621)
4(122 621 1054 606)
4(1055 665 1043 269)
4(1055 269 1051 666)
4(1055 669 1054 269)
4(146 607 1054 669)
4(146 669 1055 665)
4(1056 681 1055 269)
4(151 666 1055 681)
4(152 669 1054 621)
4(152 681 1055 669)
4(1057 609 999 270)
4(1057 270 1044 610)
4(1059 270 999 620)
4(1059 621 1054 270)
4(1059 270 1057 623)
4(123 623 1057 609)
4(1058 668 1044 270)
4(1058 270 1054 669)
4(1058 672 1057 270)
4(147 610 1057 672)
4(147 672 1058 668)
4(1059 683 1058 270)
4(152 669 1058 683)
4(153 672 1057 623)
4(153 683 1058 672)
4(1060 612 1002 271)
4(1060 271 1046 613)
4(1062 271 1002 622)
4(1062 623 1057 271)
4(1062 271 1060 625)
4(124 625 1060 612)
4(1061 671 1046 271)
4(1061 271 1057 672)
4(1061 675 1060 271)
4(148 613 1060 675)
4(148 675 1061 671)
4(1062 685 1061 271)
4(153 672 1061 685)
4(154 675 1060 625)
4(154 685 1061 675)
4(1064 614 1004 272)
4(1064 272 1047 615)
4(1065 272 1004 624)
4(1065 625 1060 272)
4(1065 272 1064 626)
4(1063 674 1047 272)
4(1063 272 1060 675)
4(1064 272 1063 677)
4(149 677 1063 674)
4(1065 687 1063 272)
4(154 675 1063 687)
4(155 687 1063 677)
4(1067 273 858 448)
4(1067 449 1010 273)
4(1069 461 858 273)
4(1069 273 1066 463)
4(1069 466 1067 273)
4(55 448 1067 466)
4(55 466 1069 461)
4(1068 273 1010 627)
4(1068 629 1066 273)
4(1068 273 1067 632)
4(127 632 1067 449)
4(127 627 1068 632)
4(1069 273 1068 690)
4(156 690 1068 629)
4(156 463 1069 690)
4(157 466 1067 632)
4(157 632 1068 690)
4(157 690 1069 466)
4(1070 274 859 451)
4(1070 452 1013 274)
4(1072 464 859 274)
4(1072 274 1067 466)
4(1072 469 1070 274)
4(56 451 1070 469)
4(56 469 1072 464)
4(1071 274 1013 630)
4(1071 632 1067 274)
4(1071 274 1070 634)
4(128 634 1070 452)
4(1072 274 1071 693)
4(157 466 1072 693)
4(158 469 1070 634)
4(158 693 1072 469)
4(1073 275 860 454)
4(1073 455 1016 275)
4(1075 467 860 275)
4(1075 275 1070 469)
4(1075 472 1073 275)
4(57 454 1073 472)
4(57 472 1075 467)
4(1074 275 1016 633)
4(1074 634 1070 275)
4(1074 275 1073 636)
4(129 636 1073 455)
4(1075 275 1074 696)
4(158 469 1075 696)
4(159 472 1073 636)
4(159 696 1075 472)
4(1076 276 861 457)
4(1076 458 1019 276)
4(1078 470 861 276)
4(1078 276 1073 472)
4(1078 475 1076 276)
4(58 457 1076 475)
4(58 475 1078 470)
4(1077 276 1019 635)
4(1077 636 1073 276)
4(1077 276 1076 639)
4(130 639 1076 458)
4(1078 276 1077 699)
4(159 472 1078 699)
4(160 475 1076 639)
4(160 699 1078 475)
4(1081 277 862 459)
4(1081 460 1021 277)
4(1080 473 862 277)
4(1080 277 1076 475)
4(1081 277 1080 477)
4(59 477 1080 473)
4(1079 277 1021 637)
4(1079 639 1076 277)
4(1081 641 1079 277)
4(131 637 1079 641)
4(1080 277 1079 702)
4(160 702 1079 639)
4(160 475 1080 702)
4(161 641 1079 702)
4(161 702 1080 477)
4(1083 631 1026 278)
4(1083 278 1068 632)
4(1084 278 1026 642)
4(1084 644 1082 278)
4(1084 278 1083 646)
4(133 642 1084 646)
4(1085 690 1068 278)
4(1085 278 1082 691)
4(1085 694 1083 278)
4(157 694 1085 690)
4(1085 278 1084 707)
4(162 707 1084 644)
4(162 691 1085 707)
4(163 646 1084 707)
4(163 707 1085 694)
4(1092 640 1029 279)
4(1092 279 1079 641)
4(1090 279 1029 647)
4(1090 649 1088 279)
4(1092 651 1090 279)
4(137 647 1090 651)
4(1091 702 1079 279)
4(1091 279 1088 703)
4(1092 279 1091 705)
4(161 705 1091 702)
4(1091 279 1090 719)
4(166 719 1090 649)
4(166 703 1091 719)
4(167 651 1090 719)
4(167 719 1091 705)
4(1094 645 1034 280)
4(1094 280 1084 646)
4(1095 280 1034 652)
4(1095 654 1093 280)
4(1095 280 1094 656)
4(139 652 1095 656)
4(1096 707 1084 280)
4(1096 280 1093 708)
4(1096 711 1094 280)
4(163 711 1096 707)
4(1096 280 1095 724)
4(168 724 1095 654)
4(168 708 1096 724)
4(169 656 1095 724)
4(169 724 1096 711)
4(1103 650 1037 281)
4(1103 281 1090 651)
4(1101 281 1037 657)
4(1101 659 1099 281)
4(1103 661 1101 281)
4(143 657 1101 661)
4(1102 719 1090 281)
4(1102 281 1099 720)
4(1103 281 1102 722)
4(167 722 1102 719)
4(1102 281 1101 736)
4(172 736 1101 659)
4(172 720 1102 736)
4(173 661 1101 736)
4(173 736 1102 722)
4(1105 655 1042 282)
4(1105 282 1095 656)
4(1106 282 1042 662)
4(1106 664 1104 282)
4(1106 282 1105 667)
4(145 662 1106 667)
4(1107 724 1095 282)
4(1107 282 1104 725)
4(1107 728 1105 282)
4(169 728 1107 724)
4(1107 282 1106 741)
4(174 741 1106 664)
4(174 725 1107 741)
4(175 667 1106 741)
4(175 741 1107 728)
4(1117 660 1048 283)
4(1117 283 1101 661)
4(1115 283 1048 674)
4(1115 676 1112 283)
4(1117 678 1115 283)
4(149 674 1115 678)
4(1116 736 1101 283)
4(1116 283 1112 737)
4(1117 283 1116 739)
4(173 739 1116 736)
4(1116 283 1115 753)
4(178 753 1115 676)
4(178 737 1116 753)
4(179 678 1115 753)
4(179 753 1116 739)
4(1119 666 1052 284)
4(1119 284 1106 667)
4(1121 284 1052 679)
4(1121 680 1118 284)
4(1121 284 1119 682)
4(151 682 1119 666)
4(1120 741 1106 284)
4(1120 284 1118 742)
4(1120 745 1119 284)
4(175 667 1119 745)
4(175 745 1120 741)
4(1121 758 1120 284)
4(180 742 1120 758)
4(181 745 1119 682)
4(181 758 1120 745)
4(1122 669 1055 285)
4(1122 285 1108 670)
4(1124 285 1055 681)
4(1124 682 1119 285)
4(1124 285 1122 684)
4(152 684 1122 669)
4(1123 744 1108 285)
4(1123 285 1119 745)
4(1123 748 1122 285)
4(176 670 1122 748)
4(176 748 1123 744)
4(1124 760 1123 285)
4(181 745 1123 760)
4(182 748 1122 684)
4(182 760 1123 748)
4(1125 672 1058 286)
4(1125 286 1110 673)
4(1127 286 1058 683)
4(1127 684 1122 286)
4(1127 286 1125 686)
4(153 686 1125 672)
4(1126 747 1110 286)
4(1126 286 1122 748)
4(1126 751 1125 286)
4(177 673 1125 751)
4(177 751 1126 747)
4(1127 762 1126 286)
4(182 748 1126 762)
4(183 751 1125 686)
4(183 762 1126 751)
4(1128 675 1061 287)
4(1128 287 1113 676)
4(1130 287 1061 685)
4(1130 686 1125 287)
4(1130 287 1128 688)
4(154 688 1128 675)
4(1129 750 1113 287)
4(1129 287 1125 751)
4(1129 754 1128 287)
4(178 676 1128 754)
4(178 754 1129 750)
4(1130 764 1129 287)
4(183 751 1129 764)
4(184 754 1128 688)
4(184 764 1129 754)
4(1132 677 1063 288)
4(1132 288 1115 678)
4(1133 288 1063 687)
4(1133 688 1128 288)
4(1133 288 1132 689)
4(1131 753 1115 288)
4(1131 288 1128 754)
4(1132 288 1131 756)
4(179 756 1131 753)
4(1133 766 1131 288)
4(184 754 1131 766)
4(185 766 1131 756)
4(1135 289 863 465)
4(1135 466 1069 289)
4(1137 478 863 289)
4(1137 289 1134 479)
4(1137 481 1135 289)
4(61 465 1135 481)
4(1136 289 1069 690)
4(1136 692 1134 289)
4(1136 289 1135 695)
4(157 695 1135 466)
4(157 690 1136 695)
4(1137 289 1136 769)
4(186 769 1136 692)
4(187 481 1135 695)
4(187 695 1136 769)
4(1138 290 864 468)
4(1138 469 1072 290)
4(1140 480 864 290)
4(1140 290 1135 481)
4(1140 483 1138 290)
4(62 468 1138 483)
4(1139 290 1072 693)
4(1139 695 1135 290)
4(1139 290 1138 698)
4(158 698 1138 469)
4(158 693 1139 698)
4(1140 290 1139 771)
4(187 771 1139 695)
4(188 483 1138 698)
4(188 698 1139 771)
4(1141 291 865 471)
4(1141 472 1075 291)
4(1143 482 865 291)
4(1143 291 1138 483)
4(1143 485 1141 291)
4(63 471 1141 485)
4(1142 291 1075 696)
4(1142 698 1138 291)
4(1142 291 1141 701)
4(159 701 1141 472)
4(159 696 1142 701)
4(1143 291 1142 773)
4(188 773 1142 698)
4(189 485 1141 701)
4(189 701 1142 773)
4(1144 292 866 474)
4(1144 475 1078 292)
4(1146 484 866 292)
4(1146 292 1141 485)
4(1146 487 1144 292)
4(64 474 1144 487)
4(1145 292 1078 699)
4(1145 701 1141 292)
4(1145 292 1144 704)
4(160 704 1144 475)
4(160 699 1145 704)
4(1146 292 1145 775)
4(189 775 1145 701)
4(190 487 1144 704)
4(190 704 1145 775)
4(1148 293 867 476)
4(1148 477 1080 293)
4(1149 486 867 293)
4(1149 293 1144 487)
4(1149 488 1148 293)
4(1147 293 1080 702)
4(1147 704 1144 293)
4(1148 706 1147 293)
4(161 702 1147 706)
4(1149 293 1147 777)
4(190 777 1147 704)
4(191 706 1147 777)
4(1151 694 1085 294)
4(1151 294 1136 695)
4(1152 294 1085 707)
4(1152 709 1150 294)
4(1152 294 1151 712)
4(163 712 1151 694)
4(163 707 1152 712)
4(1153 769 1136 294)
4(1153 294 1150 770)
4(1153 772 1151 294)
4(187 695 1151 772)
4(1153 294 1152 780)
4(192 780 1152 709)
4(193 772 1151 712)
4(193 712 1152 780)
4(1154 697 1086 295)
4(1154 295 1139 698)
4(1155 295 1086 710)
4(1155 712 1151 295)
4(1155 295 1154 715)
4(164 715 1154 697)
4(164 710 1155 715)
4(1156 771 1139 295)
4(1156 295 1151 772)
4(1156 774 1154 295)
4(188 698 1154 774)
4(1156 295 1155 782)
4(193 782 1155 712)
4(194 774 1154 715)
4(194 715 1155 782)
4(1157 700 1087 296)
4(1157 296 1142 701)
4(1158 296 1087 713)
4(1158 715 1154 296)
4(1158 296 1157 718)
4(165 718 1157 700)
4(165 713 1158 718)
4(1159 773 1142 296)
4(1159 296 1154 774)
4(1159 776 1157 296)
4(189 701 1157 776)
4(1159 296 1158 784)
4(194 784 1158 715)
4(195 776 1157 718)
4(195 718 1158 784)
4(1160 703 1089 297)
4(1160 297 1145 704)
4(1161 297 1089 716)
4(1161 718 1157 297)
4(1161 297 1160 721)
4(166 721 1160 703)
4(166 716 1161 721)
4(1162 775 1145 297)
4(1162 297 1157 776)
4(1162 778 1160 297)
4(190 704 1160 778)
4(1162 297 1161 786)
4(195 786 1161 718)
4(196 778 1160 721)
4(196 721 1161 786)
4(1164 705 1091 298)
4(1164 298 1147 706)
4(1163 298 1091 719)
4(1163 721 1160 298)
4(1164 723 1163 298)
4(167 719 1163 723)
4(1165 777 1147 298)
4(1165 298 1160 778)
4(1165 779 1164 298)
4(1165 298 1163 788)
4(196 788 1163 721)
4(197 723 1163 788)
4(1167 711 1096 299)
4(1167 299 1152 712)
4(1168 299 1096 724)
4(1168 726 1166 299)
4(1168 299 1167 729)
4(169 729 1167 711)
4(169 724 1168 729)
4(1169 780 1152 299)
4(1169 299 1166 781)
4(1169 783 1167 299)
4(193 712 1167 783)
4(1169 299 1168 791)
4(198 791 1168 726)
4(199 783 1167 729)
4(199 729 1168 791)
4(1170 714 1097 300)
4(1170 300 1155 715)
4(1171 300 1097 727)
4(1171 729 1167 300)
4(1171 300 1170 732)
4(170 732 1170 714)
4(170 727 1171 732)
4(1172 782 1155 300)
4(1172 300 1167 783)
4(1172 785 1170 300)
4(194 715 1170 785)
4(1172 300 1171 793)
4(199 793 1171 729)
4(200 785 1170 732)
4(200 732 1171 793)
4(1173 717 1098 301)
4(1173 301 1158 718)
4(1174 301 1098 730)
4(1174 732 1170 301)
4(1174 301 1173 735)
4(171 735 1173 717)
4(171 730 1174 735)
4(1175 784 1158 301)
4(1175 301 1170 785)
4(1175 787 1173 301)
4(195 718 1173 787)
4(1175 301 1174 795)
4(200 795 1174 732)
4(201 787 1173 735)
4(201 735 1174 795)
4(1176 720 1100 302)
4(1176 302 1161 721)
4(1177 302 1100 733)
4(1177 735 1173 302)
4(1177 302 1176 738)
4(172 738 1176 720)
4(172 733 1177 738)
4(1178 786 1161 302)
4(1178 302 1173 787)
4(1178 789 1176 302)
4(196 721 1176 789)
4(1178 302 1177 797)
4(201 797 1177 735)
4(202 789 1176 738)
4(202 738 1177 797)
4(1180 722 1102 303)
4(1180 303 1163 723)
4(1179 303 1102 736)
4(1179 738 1176 303)
4(1180 740 1179 303)
4(173 736 1179 740)
4(1181 788 1163 303)
4(1181 303 1176 789)
4(1181 790 1180 303)
4(1181 303 1179 799)
4(202 799 1179 738)
4(203 740 1179 799)
4(1183 728 1107 304)
4(1183 304 1168 729)
4(1184 304 1107 741)
4(1184 743 1182 304)
4(1184 304 1183 746)
4(175 746 1183 728)
4(175 741 1184 746)
4(1185 791 1168 304)
4(1185 304 1182 792)
4(1185 794 1183 304)
4(199 729 1183 794)
4(1185 304 1184 802)
4(204 802 1184 743)
4(205 794 1183 746)
4(205 746 1184 802)
4(1186 731 1109 305)
4(1186 305 1171 732)
4(1187 305 1109 744)
4(1187 746 1183 305)
4(1187 305 1186 749)
4(176 749 1186 731)
4(176 744 1187 749)
4(1188 793 1171 305)
4(1188 305 1183 794)
4(1188 796 1186 305)
4(200 732 1186 796)
4(1188 305 1187 804)
4(205 804 1187 746)
4(206 796 1186 749)
4(206 749 1187 804)
4(1189 734 1111 306)
4(1189 306 1174 735)
4(1190 306 1111 747)
4(1190 749 1186 306)
4(1190 306 1189 752)
4(177 752 1189 734)
4(177 747 1190 752)
4(1191 795 1174 306)
4(1191 306 1186 796)
4(1191 798 1189 306)
4(201 735 1189 798)
4(1191 306 1190 806)
4(206 806 1190 749)
4(207 798 1189 752)
4(207 752 1190 806)
4(1192 737 1114 307)
4(1192 307 1177 738)
4(1193 307 1114 750)
4(1193 752 1189 307)
4(1193 307 1192 755)
4(178 755 1192 737)
4(178 750 1193 755)
4(1194 797 1177 307)
4(1194 307 1189 798)
4(1194 800 1192 307)
4(202 738 1192 800)
4(1194 307 1193 808)
4(207 808 1193 752)
4(208 800 1192 755)
4(208 755 1193 808)
4(1196 739 1116 308)
4(1196 308 1179 740)
4(1195 308 1116 753)
4(1195 755 1192 308)
4(1196 757 1195 308)
4(179 753 1195 757)
4(1197 799 1179 308)
4(1197 308 1192 800)
4(1197 801 1196 308)
4(1197 308 1195 810)
4(208 810 1195 755)
4(209 757 1195 810)
4(1199 745 1120 309)
4(1199 309 1184 746)
4(1200 309 1120 758)
4(1200 759 1198 309)
4(1200 309 1199 761)
4(181 761 1199 745)
4(1201 802 1184 309)
4(1201 309 1198 803)
4(1201 805 1199 309)
4(205 746 1199 805)
4(1201 309 1200 813)
4(211 805 1199 761)
4(1202 748 1123 310)
4(1202 310 1187 749)
4(1203 310 1123 760)
4(1203 761 1199 310)
4(1203 310 1202 763)
4(182 763 1202 748)
4(1204 804 1187 310)
4(1204 310 1199 805)
4(1204 807 1202 310)
4(206 749 1202 807)
4(1204 310 1203 814)
4(212 807 1202 763)
4(1205 751 1126 311)
4(1205 311 1190 752)
4(1206 311 1126 762)
4(1206 763 1202 311)
4(1206 311 1205 765)
4(183 765 1205 751)
4(1207 806 1190 311)
4(1207 311 1202 807)
4(1207 809 1205 311)
4(207 752 1205 809)
4(1207 311 1206 815)
4(213 809 1205 765)
4(1208 754 1129 312)
4(1208 312 1193 755)
4(1209 312 1129 764)
4(1209 765 1205 312)
4(1209 312 1208 767)
4(184 767 1208 754)
4(1210 808 1193 312)
4(1210 312 1205 809)
4(1210 811 1208 312)
4(208 755 1208 811)
4(1210 312 1209 816)
4(214 811 1208 767)
4(1211 756 1131 313)
4(1211 313 1195 757)
4(1212 313 1131 766)
4(1212 767 1208 313)
4(1212 313 1211 768)
4(1213 810 1195 313)
4(1213 313 1208 811)
4(1213 812 1211 313)
4(1213 313 1212 817)
4(0 316 868 315)
4(6 333 884 332)
4(12 350 900 349)
4(18 367 916 366)
4(24 384 932 383)
4(36 411 948 412)
4(66 491 964 490)
4(72 508 972 507)
4(78 523 980 522)
4(84 538 991 537)
4(42 428 1007 429)
4(96 566 1023 565)
4(102 581 1031 580)
4(108 591 1039 590)
4(114 601 1050 600)
4(48 445 1066 446)
4(126 629 1082 628)
4(132 644 1093 643)
4(138 654 1104 653)
4(144 664 1118 663)
4(54 462 1134 463)
4(156 692 1150 691)
4(162 709 1166 708)
4(168 726 1182 725)
4(174 743 1198 742)
4(6 315 868 333)
4(36 412 868 316)
4(66 333 868 412)
4(12 332 884 350)
4(66 490 884 333)
4(72 350 884 490)
4(18 349 900 367)
4(72 507 900 350)
4(78 367 900 507)
4(24 366 916 384)
4(78 522 916 367)
4(84 384 916 522)
4(30 383 932 400)
4(84 537 932 384)
4(90 400 932 537)
4(42 429 948 411)
4(66 412 948 491)
4(96 491 948 429)
4(72 490 964 508)
4(96 565 964 491)
4(102 508 964 565)
4(78 507 972 523)
4(102 580 972 508)
4(108 523 972 580)
4(84 522 980 538)
4(108 590 980 523)
4(114 538 980 590)
4(90 537 991 554)
4(114 600 991 538)
4(120 554 991 600)
4(48 446 1007 428)
4(96 429 1007 566)
4(126 566 1007 446)
4(102 565 1023 581)
4(126 628 1023 566)
4(132 581 1023 628)
4(108 580 1031 591)
4(132 643 1031 581)
4(138 591 1031 643)
4(114 590 1039 601)
4(138 653 1039 591)
4(144 601 1039 653)
4(120 600 1050 617)
4(144 663 1050 601)
4(150 617 1050 663)
4(54 463 1066 445)
4(126 446 1066 629)
4(156 629 1066 463)
4(132 628 1082 644)
4(156 691 1082 629)
4(162 644 1082 691)
4(138 643 1093 654)
4(162 708 1093 644)
4(168 654 1093 708)
4(144 653 1104 664)
4(168 725 1104 654)
4(174 664 1104 725)
4(150 663 1118 680)
4(174 742 1118 664)
4(180 680 1118 742)
4(60 479 1134 462)
4(156 463 1134 692)
4(186 692 1134 479)
4(162 691 1150 709)
4(186 770 1150 692)
4(192 709 1150 770)
4(168 708 1166 726)
4(192 781 1166 709)
4(198 726 1166 781)
4(174 725 1182 743)
4(198 792 1182 726)
4(204 743 1182 792)
4(180 742 1198 759)
4(204 803 1198 743)
4(210 759 1198 803)
4(0 315 818 314)
4(0 314 843 316)
4(1 318 819 317)
4(1 317 844 319)
4(2 321 820 320)
4(2 320 845 322)
4(3 324 821 323)
4(3 323 846 325)
4(4 327 822 326)
4(4 326 847 328)
4(6 332 823 331)
4(7 335 824 334)
4(8 338 825 337)
4(9 341 826 340)
4(10 344 827 343)
4(12 349 828 348)
4(13 352 829 351)
4(14 355 830 354)
4(15 358 831 357)
4(16 361 832 360)
4(18 366 833 365)
4(19 369 834 368)
4(20 372 835 371)
4(21 375 836 374)
4(22 378 837 377)
4(24 383 838 382)
4(25 386 839 385)
4(26 389 840 388)
4(27 392 841 391)
4(28 395 842 394)
4(36 410 848 411)
4(37 413 849 414)
4(38 416 850 417)
4(39 419 851 420)
4(40 422 852 423)
4(42 427 853 428)
4(43 430 854 431)
4(44 433 855 434)
4(45 436 856 437)
4(46 439 857 440)
4(48 444 858 445)
4(49 447 859 448)
4(50 450 860 451)
4(51 453 861 454)
4(52 456 862 457)
4(54 461 863 462)
4(55 464 864 465)
4(56 467 865 468)
4(57 470 866 471)
4(58 473 867 474)
4(5 329 883 330)
4(11 346 899 347)
4(17 363 915 364)
4(23 380 931 381)
4(29 397 946 398)
4(41 426 963 425)
4(71 504 971 505)
4(77 519 979 520)
4(83 534 990 535)
4(89 551 1005 552)
4(47 443 1022 442)
4(101 577 1030 578)
4(107 587 1038 588)
4(113 597 1049 598)
4(119 614 1064 615)
4(53 460 1081 459)
4(131 640 1092 641)
4(137 650 1103 651)
4(143 660 1117 661)
4(149 677 1132 678)
4(59 477 1148 476)
4(161 705 1164 706)
4(167 722 1180 723)
4(173 739 1196 740)
4(179 756 1211 757)
4(30 400 935 399)
4(31 402 938 401)
4(32 404 941 403)
4(33 406 944 405)
4(34 408 947 407)
4(90 554 994 553)
4(91 556 997 555)
4(92 558 1000 557)
4(93 560 1003 559)
4(94 562 1006 561)
4(120 617 1053 616)
4(121 619 1056 618)
4(122 621 1059 620)
4(123 623 1062 622)
4(124 625 1065 624)
4(150 680 1121 679)
4(151 682 1124 681)
4(152 684 1127 683)
4(153 686 1130 685)
4(154 688 1133 687)
4(180 759 1200 758)
4(181 761 1203 760)
4(182 763 1206 762)
4(183 765 1209 764)
4(184 767 1212 766)
4(60 478 1137 479)
4(61 480 1140 481)
4(62 482 1143 483)
4(63 484 1146 485)
4(64 486 1149 487)
4(186 769 1153 770)
4(187 771 1156 772)
4(188 773 1159 774)
4(189 775 1162 776)
4(190 777 1165 778)
4(192 780 1169 781)
4(193 782 1172 783)
4(194 784 1175 785)
4(195 786 1178 787)
4(196 788 1181 789)
4(198 791 1185 792)
4(199 793 1188 794)
4(200 795 1191 796)
4(201 797 1194 798)
4(202 799 1197 800)
4(204 802 1201 803)
4(205 804 1204 805)
4(206 806 1207 807)
4(207 808 1210 809)
4(208 810 1213 811)
4(1 314 818 318)
4(6 331 818 315)
4(7 318 818 331)
4(2 317 819 321)
4(7 334 819 318)
4(8 321 819 334)
4(3 320 820 324)
4(8 337 820 321)
4(9 324 820 337)
4(4 323 821 327)
4(9 340 821 324)
4(10 327 821 340)
4(5 326 822 329)
4(10 343 822 327)
4(11 329 822 343)
4(7 331 823 335)
4(12 348 823 332)
4(13 335 823 348)
4(8 334 824 338)
4(13 351 824 335)
4(14 338 824 351)
4(9 337 825 341)
4(14 354 825 338)
4(15 341 825 354)
4(10 340 826 344)
4(15 357 826 341)
4(16 344 826 357)
4(11 343 827 346)
4(16 360 827 344)
4(17 346 827 360)
4(13 348 828 352)
4(18 365 828 349)
4(19 352 828 365)
4(14 351 829 355)
4(19 368 829 352)
4(20 355 829 368)
4(15 354 830 358)
4(20 371 830 355)
4(21 358 830 371)
4(16 357 831 361)
4(21 374 831 358)
4(22 361 831 374)
4(17 360 832 363)
4(22 377 832 361)
4(23 363 832 377)
4(19 365 833 369)
4(24 382 833 366)
4(25 369 833 382)
4(20 368 834 372)
4(25 385 834 369)
4(26 372 834 385)
4(21 371 835 375)
4(26 388 835 372)
4(27 375 835 388)
4(22 374 836 378)
4(27 391 836 375)
4(28 378 836 391)
4(23 377 837 380)
4(28 394 837 378)
4(29 380 837 394)
4(25 382 838 386)
4(30 399 838 383)
4(31 386 838 399)
4(26 385 839 389)
4(31 401 839 386)
4(32 389 839 401)
4(27 388 840 392)
4(32 403 840 389)
4(33 392 840 403)
4(28 391 841 395)
4(33 405 841 392)
4(34 395 841 405)
4(29 394 842 397)
4(34 407 842 395)
4(35 397 842 407)
4(1 319 843 314)
4(36 316 843 410)
4(37 410 843 319)
4(2 322 844 317)
4(37 319 844 413)
4(38 413 844 322)
4(3 325 845 320)
4(38 322 845 416)
4(39 416 845 325)
4(4 328 846 323)
4(39 325 846 419)
4(40 419 846 328)
4(5 330 847 326)
4(40 328 847 422)
4(41 422 847 330)
4(37 414 848 410)
4(42 411 848 427)
4(43 427 848 414)
4(38 417 849 413)
4(43 414 849 430)
4(44 430 849 417)
4(39 420 850 416)
4(44 417 850 433)
4(45 433 850 420)
4(40 423 851 419)
4(45 420 851 436)
4(46 436 851 423)
4(41 425 852 422)
4(46 423 852 439)
4(47 439 852 425)
4(43 431 853 427)
4(48 428 853 444)
4(49 444 853 431)
4(44 434 854 430)
4(49 431 854 447)
4(50 447 854 434)
4(45 437 855 433)
4(50 434 855 450)
4(51 450 855 437)
4(46 440 856 436)
4(51 437 856 453)
4(52 453 856 440)
4(47 442 857 439)
4(52 440 857 456)
4(53 456 857 442)
4(49 448 858 444)
4(54 445 858 461)
4(55 461 858 448)
4(50 451 859 447)
4(55 448 859 464)
4(56 464 859 451)
4(51 454 860 450)
4(56 451 860 467)
4(57 467 860 454)
4(52 457 861 453)
4(57 454 861 470)
4(58 470 861 457)
4(53 459 862 456)
4(58 457 862 473)
4(59 473 862 459)
4(55 465 863 461)
4(60 462 863 478)
4(61 478 863 465)
4(56 468 864 464)
4(61 465 864 480)
4(62 480 864 468)
4(57 471 865 467)
4(62 468 865 482)
4(63 482 865 471)
4(58 474 866 470)
4(63 471 866 484)
4(64 484 866 474)
4(59 476 867 473)
4(64 474 867 486)
4(65 486 867 476)
4(11 347 883 329)
4(41 330 883 426)
4(71 426 883 347)
4(17 364 899 346)
4(71 347 899 504)
4(77 504 899 364)
4(23 381 915 363)
4(77 364 915 519)
4(83 519 915 381)
4(29 398 931 380)
4(83 381 931 534)
4(89 534 931 398)
4(31 399 935 402)
4(90 553 935 400)
4(91 402 935 553)
4(32 401 938 404)
4(91 555 938 402)
4(92 404 938 555)
4(33 403 941 406)
4(92 557 941 404)
4(93 406 941 557)
4(34 405 944 408)
4(93 559 944 406)
4(94 408 944 559)
4(35 409 946 397)
4(35 407 947 409)
4(89 398 946 551)
4(94 561 947 408)
4(95 551 946 409)
4(95 409 947 561)
4(47 425 963 443)
4(71 505 963 426)
4(101 443 963 505)
4(77 520 971 504)
4(101 505 971 577)
4(107 577 971 520)
4(83 535 979 519)
4(107 520 979 587)
4(113 587 979 535)
4(89 552 990 534)
4(113 535 990 597)
4(119 597 990 552)
4(91 553 994 556)
4(120 616 994 554)
4(121 556 994 616)
4(92 555 997 558)
4(121 618 997 556)
4(122 558 997 618)
4(93 557 1000 560)
4(122 620 1000 558)
4(123 560 1000 620)
4(94 559 1003 562)
4(123 622 1003 560)
4(124 562 1003 622)
4(95 563 1005 551)
4(95 561 1006 563)
4(119 552 1005 614)
4(124 624 1006 562)
4(125 614 1005 563)
4(125 563 1006 624)
4(53 442 1022 460)
4(101 578 1022 443)
4(131 460 1022 578)
4(107 588 1030 577)
4(131 578 1030 640)
4(137 640 1030 588)
4(113 598 1038 587)
4(137 588 1038 650)
4(143 650 1038 598)
4(119 615 1049 597)
4(143 598 1049 660)
4(149 660 1049 615)
4(121 616 1053 619)
4(150 679 1053 617)
4(151 619 1053 679)
4(122 618 1056 621)
4(151 681 1056 619)
4(152 621 1056 681)
4(123 620 1059 623)
4(152 683 1059 621)
4(153 623 1059 683)
4(124 622 1062 625)
4(153 685 1062 623)
4(154 625 1062 685)
4(125 626 1064 614)
4(125 624 1065 626)
4(149 615 1064 677)
4(154 687 1065 625)
4(155 677 1064 626)
4(155 626 1065 687)
4(59 459 1081 477)
4(131 641 1081 460)
4(161 477 1081 641)
4(137 651 1092 640)
4(161 641 1092 705)
4(167 705 1092 651)
4(143 661 1103 650)
4(167 651 1103 722)
4(173 722 1103 661)
4(149 678 1117 660)
4(173 661 1117 739)
4(179 739 1117 678)
4(151 679 1121 682)
4(180 758 1121 680)
4(181 682 1121 758)
4(152 681 1124 684)
4(181 760 1124 682)
4(182 684 1124 760)
4(153 683 1127 686)
4(182 762 1127 684)
4(183 686 1127 762)
4(154 685 1130 688)
4(183 764 1130 686)
4(184 688 1130 764)
4(155 689 1132 677)
4(155 687 1133 689)
4(179 678 1132 756)
4(184 766 1133 688)
4(185 756 1132 689)
4(185 689 1133 766)
4(61 481 1137 478)
4(186 479 1137 769)
4(187 769 1137 481)
4(62 483 1140 480)
4(187 481 1140 771)
4(188 771 1140 483)
4(63 485 1143 482)
4(188 483 1143 773)
4(189 773 1143 485)
4(64 487 1146 484)
4(189 485 1146 775)
4(190 775 1146 487)
4(65 476 1148 488)
4(65 488 1149 486)
4(161 706 1148 477)
4(190 487 1149 777)
4(191 488 1148 706)
4(191 777 1149 488)
4(187 772 1153 769)
4(192 770 1153 780)
4(193 780 1153 772)
4(188 774 1156 771)
4(193 772 1156 782)
4(194 782 1156 774)
4(189 776 1159 773)
4(194 774 1159 784)
4(195 784 1159 776)
4(190 778 1162 775)
4(195 776 1162 786)
4(196 786 1162 778)
4(167 723 1164 705)
4(191 706 1164 779)
4(191 779 1165 777)
4(196 778 1165 788)
4(197 779 1164 723)
4(197 788 1165 779)
4(193 783 1169 780)
4(198 781 1169 791)
4(199 791 1169 783)
4(194 785 1172 782)
4(199 783 1172 793)
4(200 793 1172 785)
4(195 787 1175 784)
4(200 785 1175 795)
4(201 795 1175 787)
4(196 789 1178 786)
4(201 787 1178 797)
4(202 797 1178 789)
4(173 740 1180 722)
4(197 723 1180 790)
4(197 790 1181 788)
4(202 789 1181 799)
4(203 790 1180 740)
4(203 799 1181 790)
4(199 794 1185 791)
4(204 792 1185 802)
4(205 802 1185 794)
4(200 796 1188 793)
4(205 794 1188 804)
4(206 804 1188 796)
4(201 798 1191 795)
4(206 796 1191 806)
4(207 806 1191 798)
4(202 800 1194 797)
4(207 798 1194 808)
4(208 808 1194 800)
4(179 757 1196 739)
4(203 740 1196 801)
4(203 801 1197 799)
4(208 800 1197 810)
4(209 801 1196 757)
4(209 810 1197 801)
4(181 758 1200 761)
4(205 805 1201 802)
4(210 813 1200 759)
4(210 803 1201 813)
4(211 761 1200 813)
4(211 813 1201 805)
4(182 760 1203 763)
4(206 807 1204 804)
4(211 814 1203 761)
4(211 805 1204 814)
4(212 763 1203 814)
4(212 814 1204 807)
4(183 762 1206 765)
4(207 809 1207 806)
4(212 815 1206 763)
4(212 807 1207 815)
4(213 765 1206 815)
4(213 815 1207 809)
4(184 764 1209 767)
4(208 811 1210 808)
4(213 816 1209 765)
4(213 809 1210 816)
4(214 767 1209 816)
4(214 816 1210 811)
4(185 768 1211 756)
4(185 766 1212 768)
4(209 757 1211 812)
4(209 812 1213 810)
4(214 817 1212 767)
4(214 811 1213 817)
4(215 812 1211 768)
4(215 768 1212 817)
4(215 817 1213 812)
)


// ************************************************************************* //
