/*--------------------------------*- C++ -*----------------------------------*\
| =========                 |                                                 |
| \\      /  F ield         | OpenFOAM: The Open Source CFD Toolbox           |
|  \\    /   O peration     | Version:  2.3.x                                 |
|   \\  /    A nd           | Web:      www.OpenFOAM.org                      |
|    \\/     M anipulation  |                                                 |
\*---------------------------------------------------------------------------*/
FoamFile
{
    version     2.0;
    format      ascii;
    class       labelList;
    location    "constant/solid2/polyMesh";
    object      faceRegionAddressing;
}
// * * * * * * * * * * * * * * * * * * * * * * * * * * * * * * * * * * * * * //


2814
(
5067
5068
5069
5072
5073
5074
5075
5078
5079
5080
5081
5084
5085
5086
5087
5090
5091
5092
5093
5125
5127
5128
5129
5131
5132
5133
5134
5135
5137
5138
5139
5140
5141
5143
5144
5145
5146
5147
5149
5150
5151
5152
5153
5185
5187
5188
5189
5191
5192
5193
5194
5195
5197
5198
5199
5200
5201
5203
5204
5205
5206
5207
5209
5210
5211
5212
5213
5245
5247
5248
5249
5251
5252
5253
5254
5255
5257
5258
5259
5260
5261
5263
5264
5265
5266
5267
5269
5270
5271
5272
5273
5305
5307
5308
5309
5311
5312
5313
5314
5315
5317
5318
5319
5320
5321
5323
5324
5325
5326
5327
5329
5330
5331
5332
5333
5365
5367
5368
5369
5371
5372
5373
5374
5375
5377
5378
5379
5380
5381
5383
5384
5385
5386
5387
5389
5390
5391
5392
5393
5445
5446
5448
5449
5450
5451
5452
5453
5454
5455
5456
5457
5458
5459
5460
5461
5462
5463
5464
5465
5466
5467
5468
5469
5470
5471
5472
5473
5474
5475
5476
5477
5478
5479
5480
5481
5482
5483
5484
5485
5486
5487
5488
5489
5490
5491
5492
5493
5494
5495
5535
5536
5538
5539
5540
5541
5542
5543
5544
5545
5546
5547
5548
5549
5550
5551
5552
5553
5554
5555
5556
5557
5558
5559
5560
5561
5562
5563
5564
5565
5566
5567
5568
5569
5570
5571
5572
5573
5622
5623
5625
5626
5627
5628
5629
5630
5631
5632
5633
5634
5635
5636
5637
5638
5639
5640
5641
5642
5643
5644
5645
5646
5647
5648
5649
5650
5651
5652
5653
5654
5655
5656
5657
5658
5659
5660
5661
5662
5663
5664
5665
5666
5667
5668
5669
5697
5698
5700
5701
5702
5703
5704
5705
5706
5707
5708
5709
5710
5711
5712
5713
5714
5715
5716
5717
5718
5719
5720
5721
5722
5723
5755
5757
5758
5759
5761
5762
5763
5764
5765
5767
5768
5769
5770
5771
5773
5774
5775
5776
5777
5779
5780
5781
5782
5783
5823
5824
5826
5827
5828
5829
5830
5831
5832
5833
5834
5835
5836
5837
5838
5839
5840
5841
5842
5843
5844
5845
5846
5847
5848
5849
5850
5851
5852
5853
5854
5855
5856
5857
5858
5859
5860
5861
5889
5890
5892
5893
5894
5895
5896
5897
5898
5899
5900
5901
5902
5903
5904
5905
5906
5907
5908
5909
5910
5911
5912
5913
5914
5915
5952
5953
5955
5956
5957
5958
5959
5960
5961
5962
5963
5964
5965
5966
5967
5968
5969
5970
5971
5972
5973
5974
5975
5976
5977
5978
5979
5980
5981
5982
5983
5984
5985
5986
5987
6015
6016
6018
6019
6020
6021
6022
6023
6024
6025
6026
6027
6028
6029
6030
6031
6032
6033
6034
6035
6036
6037
6038
6039
6040
6041
6073
6075
6076
6077
6079
6080
6081
6082
6083
6085
6086
6087
6088
6089
6091
6092
6093
6094
6095
6097
6098
6099
6100
6101
6150
6151
6153
6154
6155
6156
6157
6158
6159
6160
6161
6162
6163
6164
6165
6166
6167
6168
6169
6170
6171
6172
6173
6174
6175
6176
6177
6178
6179
6180
6181
6182
6183
6184
6185
6186
6187
6188
6189
6190
6191
6192
6193
6194
6195
6196
6197
6234
6235
6237
6238
6239
6240
6241
6242
6243
6244
6245
6246
6247
6248
6249
6250
6251
6252
6253
6254
6255
6256
6257
6258
6259
6260
6261
6262
6263
6264
6265
6266
6267
6268
6269
6315
6316
6318
6319
6320
6321
6322
6323
6324
6325
6326
6327
6328
6329
6330
6331
6332
6333
6334
6335
6336
6337
6338
6339
6340
6341
6342
6343
6344
6345
6346
6347
6348
6349
6350
6351
6352
6353
6354
6355
6356
6357
6358
6359
6387
6388
6390
6391
6392
6393
6394
6395
6396
6397
6398
6399
6400
6401
6402
6403
6404
6405
6406
6407
6408
6409
6410
6411
6412
6413
6445
6447
6448
6449
6451
6452
6453
6454
6455
6457
6458
6459
6460
6461
6463
6464
6465
6466
6467
6469
6470
6471
6472
6473
6501
6502
6504
6505
6506
6507
6508
6509
6510
6511
6512
6513
6514
6515
6516
6517
6518
6519
6520
6521
6522
6523
6524
6525
6526
6527
6555
6556
6558
6559
6560
6561
6562
6563
6564
6565
6566
6567
6568
6569
6570
6571
6572
6573
6574
6575
6576
6577
6578
6579
6580
6581
6609
6610
6612
6613
6614
6615
6616
6617
6618
6619
6620
6621
6622
6623
6624
6625
6626
6627
6628
6629
6630
6631
6632
6633
6634
6635
6666
6667
6669
6670
6671
6672
6673
6674
6675
6676
6677
6678
6679
6680
6681
6682
6683
6684
6685
6686
6687
6688
6689
6690
6691
6692
6693
6694
6695
14178
14179
14180
14181
14182
14183
14184
14185
14186
14187
14188
14189
14190
14191
14192
14193
14194
14195
14196
14197
14198
14199
14200
14201
14202
14203
14204
14205
14206
14207
14208
14209
14210
14211
14212
14213
14214
14215
14216
14217
14218
14219
14220
14221
14222
14223
14224
14225
14226
14227
14228
14229
14230
14231
14232
14233
14234
14235
14236
14237
14238
14239
14240
14241
14242
14243
14244
14245
14246
14247
14248
14249
14250
14251
14252
14253
14254
14255
14257
14258
14259
14260
14262
14263
14264
14265
14266
14349
14350
14351
14352
14353
14354
14355
14356
14357
14358
14359
14360
14361
14362
14363
14364
14365
14366
14367
14368
14369
14370
14371
14372
14373
14374
14375
14376
14377
14378
14379
14380
14381
14382
14383
14384
14385
14386
14387
14388
14389
14390
14391
14392
14393
14394
14395
14396
14397
14398
14399
14400
14401
14402
14403
14404
14405
14406
14407
14408
14409
14410
14411
14412
14413
14414
14415
14416
14417
14419
14420
14421
14422
14424
14425
14426
14427
14428
14511
14512
14513
14514
14515
14516
14517
14518
14519
14520
14521
14522
14523
14524
14525
14526
14527
14528
14529
14530
14531
14532
14533
14534
14535
14536
14537
14538
14539
14540
14541
14542
14543
14544
14545
14546
14547
14548
14549
14550
14551
14552
14553
14554
14555
14556
14557
14558
14559
14560
14561
14562
14563
14564
14565
14566
14567
14568
14569
14570
14571
14572
14573
14574
14575
14576
14577
14578
14579
14581
14582
14583
14584
14586
14587
14588
14589
14590
14673
14674
14675
14676
14677
14678
14679
14680
14681
14682
14683
14684
14685
14686
14687
14688
14689
14690
14691
14692
14693
14694
14695
14696
14697
14698
14699
14700
14701
14702
14703
14704
14705
14706
14707
14708
14709
14710
14711
14712
14713
14714
14715
14716
14717
14718
14719
14720
14721
14722
14723
14724
14725
14726
14727
14728
14729
14730
14731
14732
14733
14734
14735
14736
14737
14738
14739
14740
14741
14743
14744
14745
14746
14748
14749
14750
14751
14752
14844
14845
14846
14847
14848
14849
14851
14852
14853
14854
14855
14856
14857
14859
14860
14862
14863
14864
14865
14866
14867
14869
14870
14871
14872
14873
14874
14875
14877
14878
14880
14881
14882
14883
14884
14885
14887
14888
14889
14890
14891
14892
14893
14895
14896
14898
14899
14900
14901
14902
14903
14905
14906
14907
14908
14909
14910
14911
14913
14914
14916
14917
14918
14919
14920
14923
14924
14925
14926
14928
14929
14931
15015
15016
15017
15018
15019
15020
15021
15022
15023
15024
15025
15026
15027
15028
15029
15030
15031
15032
15033
15034
15035
15036
15037
15038
15039
15040
15041
15042
15043
15044
15045
15046
15047
15048
15049
15050
15051
15052
15053
15054
15055
15056
15057
15058
15059
15060
15061
15062
15063
15064
15065
15066
15067
15068
15069
15070
15071
15072
15073
15074
15075
15076
15077
15078
15079
15080
15081
15082
15083
15085
15086
15087
15088
15090
15091
15092
15093
15094
15129
15130
15131
15132
15133
15134
15135
15136
15137
15138
15139
15140
15141
15142
15143
15144
15145
15146
15147
15148
15149
15151
15152
15153
15154
15156
15157
15158
15159
15160
15195
15196
15197
15198
15199
15200
15201
15202
15203
15204
15205
15206
15207
15208
15209
15210
15211
15212
15213
15214
15215
15217
15218
15219
15220
15222
15223
15224
15225
15226
15261
15262
15263
15264
15265
15266
15267
15268
15269
15270
15271
15272
15273
15274
15275
15276
15277
15278
15279
15280
15281
15283
15284
15285
15286
15288
15289
15290
15291
15292
15384
15385
15386
15387
15388
15389
15391
15392
15393
15394
15395
15396
15397
15399
15400
15402
15403
15404
15405
15406
15407
15409
15410
15411
15412
15413
15414
15415
15417
15418
15420
15421
15422
15423
15424
15425
15427
15428
15429
15430
15431
15432
15433
15435
15436
15438
15439
15440
15441
15442
15443
15445
15446
15447
15448
15449
15450
15451
15453
15454
15456
15457
15458
15459
15460
15463
15464
15465
15466
15468
15469
15471
15555
15556
15557
15558
15559
15560
15561
15562
15563
15564
15565
15566
15567
15568
15569
15570
15571
15572
15573
15574
15575
15576
15577
15578
15579
15580
15581
15582
15583
15584
15585
15586
15587
15588
15589
15590
15591
15592
15593
15594
15595
15596
15597
15598
15599
15600
15601
15602
15603
15604
15605
15606
15607
15608
15609
15610
15611
15612
15613
15614
15615
15616
15617
15618
15619
15620
15621
15622
15623
15625
15626
15627
15628
15630
15631
15632
15633
15634
15669
15670
15671
15672
15673
15674
15675
15676
15677
15678
15679
15680
15681
15682
15683
15684
15685
15686
15687
15688
15689
15691
15692
15693
15694
15696
15697
15698
15699
15700
15735
15736
15737
15738
15739
15740
15741
15742
15743
15744
15745
15746
15747
15748
15749
15750
15751
15752
15753
15754
15755
15757
15758
15759
15760
15762
15763
15764
15765
15766
15801
15802
15803
15804
15805
15806
15807
15808
15809
15810
15811
15812
15813
15814
15815
15816
15817
15818
15819
15820
15821
15823
15824
15825
15826
15828
15829
15830
15831
15832
15924
15925
15926
15927
15928
15929
15931
15932
15933
15934
15935
15936
15937
15939
15940
15942
15943
15944
15945
15946
15947
15949
15950
15951
15952
15953
15954
15955
15957
15958
15960
15961
15962
15963
15964
15965
15967
15968
15969
15970
15971
15972
15973
15975
15976
15978
15979
15980
15981
15982
15983
15985
15986
15987
15988
15989
15990
15991
15993
15994
15996
15997
15998
15999
16000
16003
16004
16005
16006
16008
16009
16011
16095
16096
16097
16098
16099
16100
16101
16102
16103
16104
16105
16106
16107
16108
16109
16110
16111
16112
16113
16114
16115
16116
16117
16118
16119
16120
16121
16122
16123
16124
16125
16126
16127
16128
16129
16130
16131
16132
16133
16134
16135
16136
16137
16138
16139
16140
16141
16142
16143
16144
16145
16146
16147
16148
16149
16150
16151
16152
16153
16154
16155
16156
16157
16158
16159
16160
16161
16162
16163
16165
16166
16167
16168
16170
16171
16172
16173
16174
16209
16210
16211
16212
16213
16214
16215
16216
16217
16218
16219
16220
16221
16222
16223
16224
16225
16226
16227
16228
16229
16231
16232
16233
16234
16236
16237
16238
16239
16240
16275
16276
16277
16278
16279
16280
16281
16282
16283
16284
16285
16286
16287
16288
16289
16290
16291
16292
16293
16294
16295
16297
16298
16299
16300
16302
16303
16304
16305
16306
16341
16342
16343
16344
16345
16346
16347
16348
16349
16350
16351
16352
16353
16354
16355
16356
16357
16358
16359
16360
16361
16363
16364
16365
16366
16368
16369
16370
16371
16372
16464
16465
16466
16467
16468
16469
16471
16472
16473
16474
16475
16476
16477
16479
16480
16482
16483
16484
16485
16486
16487
16489
16490
16491
16492
16493
16494
16495
16497
16498
16500
16501
16502
16503
16504
16505
16507
16508
16509
16510
16511
16512
16513
16515
16516
16518
16519
16520
16521
16522
16523
16525
16526
16527
16528
16529
16530
16531
16533
16534
16536
16537
16538
16539
16540
16543
16544
16545
16546
16548
16549
16551
16644
16645
16646
16647
16648
16649
16651
16652
16653
16654
16655
16656
16657
16659
16660
16662
16663
16664
16665
16666
16667
16669
16670
16671
16672
16673
16674
16675
16677
16678
16680
16681
16682
16683
16684
16685
16687
16688
16689
16690
16691
16692
16693
16695
16696
16698
16699
16700
16701
16702
16703
16705
16706
16707
16708
16709
16710
16711
16713
16714
16716
16717
16718
16719
16720
16723
16724
16725
16726
16728
16729
16731
16824
16825
16826
16827
16828
16829
16830
16831
16832
16833
16834
16836
16837
16839
16840
16842
16843
16844
16845
16846
16847
16848
16849
16850
16851
16852
16854
16855
16857
16858
16860
16861
16862
16863
16864
16865
16866
16867
16868
16869
16870
16872
16873
16875
16876
16878
16879
16880
16881
16882
16883
16884
16885
16886
16887
16888
16890
16891
16893
16894
16896
16897
16898
16899
16900
16901
16903
16904
16905
16908
16909
16911
17004
17005
17006
17007
17008
17009
17010
17011
17012
17013
17014
17016
17017
17019
17020
17022
17023
17024
17025
17026
17027
17028
17029
17030
17031
17032
17034
17035
17037
17038
17040
17041
17042
17043
17044
17045
17046
17047
17048
17049
17050
17052
17053
17055
17056
17058
17059
17060
17061
17062
17063
17064
17065
17066
17067
17068
17070
17071
17073
17074
17076
17077
17078
17079
17080
17081
17083
17084
17085
17088
17089
17091
17184
17185
17186
17187
17188
17189
17190
17191
17192
17193
17194
17196
17197
17199
17200
17202
17203
17204
17205
17206
17207
17208
17209
17210
17211
17212
17214
17215
17217
17218
17220
17221
17222
17223
17224
17225
17226
17227
17228
17229
17230
17232
17233
17235
17236
17238
17239
17240
17241
17242
17243
17244
17245
17246
17247
17248
17250
17251
17253
17254
17256
17257
17258
17259
17260
17261
17263
17264
17265
17268
17269
17271
17364
17365
17366
17367
17368
17369
17371
17372
17373
17374
17376
17379
17382
17383
17384
17385
17386
17387
17389
17390
17391
17392
17394
17397
17400
17401
17402
17403
17404
17405
17407
17408
17409
17410
17412
17415
17418
17419
17420
17421
17422
17423
17425
17426
17427
17428
17430
17433
17436
17437
17438
17439
17440
17443
17444
17445
17448
5066
5126
5186
5246
5306
5366
5447
5537
5624
5699
5756
5825
5891
5954
6017
6074
6152
6236
6317
6389
6446
6503
6557
6611
6668
-14165
-14170
-14175
-14336
-14341
-14346
-14498
-14503
-14508
-14660
-14665
-14670
-14831
-14836
-14841
-15002
-15007
-15012
-15116
-15121
-15126
-15182
-15187
-15192
-15248
-15253
-15258
-15371
-15376
-15381
-15542
-15547
-15552
-15656
-15661
-15666
-15722
-15727
-15732
-15788
-15793
-15798
-15911
-15916
-15921
-16082
-16087
-16092
-16196
-16201
-16206
-16262
-16267
-16272
-16328
-16333
-16338
-16451
-16456
-16461
-16631
-16636
-16641
-16811
-16816
-16821
-16991
-16996
-17001
-17171
-17176
-17181
-17351
-17356
-17361
5064
5065
5070
5071
5076
5077
5082
5083
5088
5089
5124
5130
5136
5142
5148
5184
5190
5196
5202
5208
5244
5250
5256
5262
5268
5304
5310
5316
5322
5328
5364
5370
5376
5382
5388
5754
5760
5766
5772
5778
6072
6078
6084
6090
6096
6444
6450
6456
6462
6468
-6696
-6714
-6732
-6750
-6768
-6786
-6804
-6822
-6840
-6858
-6876
-6894
-6912
-6930
-6948
-6966
-6984
-7002
-7020
-7038
-7056
-7074
-7092
-7110
-7128
-7441
-7447
-7453
-7459
-7465
-7621
-7627
-7633
-7639
-7645
-7801
-7807
-7813
-7819
-7825
-7981
-7987
-7993
-7999
-8005
-8161
-8167
-8173
-8179
-8185
-9751
-9757
-9763
-9769
-9775
-9811
-9817
-9823
-9829
-9835
-9871
-9877
-9883
-9889
-9895
-9931
-9937
-9943
-9949
-9955
-9991
-9997
-10003
-10009
-10015
-11834
-11843
-11846
-11855
-11864
-11867
-11876
-11885
-11888
-11897
-11906
-11909
-11917
-11927
-11929
-12035
-12038
-12041
-12053
-12056
-12059
-12071
-12074
-12077
-12089
-12092
-12095
-12106
-12110
-12112
-12218
-12221
-12224
-12236
-12239
-12242
-12254
-12257
-12260
-12272
-12275
-12278
-12289
-12293
-12295
-12401
-12404
-12407
-12419
-12422
-12425
-12437
-12440
-12443
-12455
-12458
-12461
-12472
-12476
-12478
-12584
-12586
-12589
-12602
-12604
-12607
-12620
-12622
-12625
-12638
-12640
-12643
-12655
-12658
-12660
-12779
-12788
-12791
-12800
-12809
-12812
-12821
-12830
-12833
-12842
-12851
-12854
-12862
-12872
-12874
-12975
-12983
-12986
-12993
-13001
-13004
-13011
-13019
-13022
-13029
-13037
-13040
-13046
-13055
-13057
-13158
-13166
-13169
-13176
-13184
-13187
-13194
-13202
-13205
-13212
-13220
-13223
-13229
-13238
-13240
-13341
-13349
-13352
-13359
-13367
-13370
-13377
-13385
-13388
-13395
-13403
-13406
-13412
-13421
-13423
-13524
-13531
-13534
-13542
-13549
-13552
-13560
-13567
-13570
-13578
-13585
-13588
-13595
-13603
-13605
14256
14261
14267
14418
14423
14429
14580
14585
14591
14742
14747
14753
14850
14858
14861
14868
14876
14879
14886
14894
14897
14904
14912
14915
14921
14922
14927
14930
14932
14933
15084
15089
15095
15150
15155
15161
15216
15221
15227
15282
15287
15293
15390
15398
15401
15408
15416
15419
15426
15434
15437
15444
15452
15455
15461
15462
15467
15470
15472
15473
15624
15629
15635
15690
15695
15701
15756
15761
15767
15822
15827
15833
15930
15938
15941
15948
15956
15959
15966
15974
15977
15984
15992
15995
16001
16002
16007
16010
16012
16013
16164
16169
16175
16230
16235
16241
16296
16301
16307
16362
16367
16373
16470
16478
16481
16488
16496
16499
16506
16514
16517
16524
16532
16535
16541
16542
16547
16550
16552
16553
16650
16658
16661
16668
16676
16679
16686
16694
16697
16704
16712
16715
16721
16722
16727
16730
16732
16733
16835
16838
16841
16853
16856
16859
16871
16874
16877
16889
16892
16895
16902
16906
16907
16910
16912
16913
17015
17018
17021
17033
17036
17039
17051
17054
17057
17069
17072
17075
17082
17086
17087
17090
17092
17093
17195
17198
17201
17213
17216
17219
17231
17234
17237
17249
17252
17255
17262
17266
17267
17270
17272
17273
17370
17375
17377
17378
17380
17381
17388
17393
17395
17396
17398
17399
17406
17411
17413
17414
17416
17417
17424
17429
17431
17432
17434
17435
17441
17442
17446
17447
17449
17450
17451
17452
17453
)


// ************************************************************************* //
