/*--------------------------------*- C++ -*----------------------------------*\
| =========                 |                                                 |
| \\      /  F ield         | OpenFOAM: The Open Source CFD Toolbox           |
|  \\    /   O peration     | Version:  2.3.x                                 |
|   \\  /    A nd           | Web:      www.OpenFOAM.org                      |
|    \\/     M anipulation  |                                                 |
\*---------------------------------------------------------------------------*/
FoamFile
{
    version     2.0;
    format      ascii;
    class       labelList;
    note        "nPoints:1214  nCells:811  nFaces:2814  nInternalFaces:2214";
    location    "constant/solid2/polyMesh";
    object      neighbour;
}
// * * * * * * * * * * * * * * * * * * * * * * * * * * * * * * * * * * * * * //


2214
(
125
126
128
125
132
133
135
132
139
140
142
139
146
147
149
146
153
154
156
126
160
161
163
133
160
167
168
170
140
167
174
175
177
147
174
181
182
184
154
181
188
189
191
161
195
196
198
168
195
202
203
205
175
202
209
210
212
182
209
216
217
219
189
216
223
224
226
196
230
231
233
203
230
237
238
240
210
237
244
245
247
217
244
251
252
254
224
251
258
259
261
231
265
266
268
238
265
272
273
275
245
272
279
280
282
252
279
286
287
289
259
286
293
294
296
128
300
301
303
135
300
307
308
310
142
307
314
315
317
149
314
321
322
324
156
321
328
329
331
163
303
335
336
338
32
36
56
170
171
172
173
310
311
312
313
335
337
339
341
33
37
57
177
178
179
180
317
318
319
320
34
38
58
184
185
186
187
324
325
326
327
343
345
347
191
331
342
343
345
198
336
349
350
352
37
41
61
205
206
207
208
349
351
353
355
38
42
62
212
213
214
215
39
43
63
219
220
221
222
357
359
361
226
343
356
357
359
233
350
363
364
366
42
46
66
240
241
242
243
363
365
367
369
384
387
388
43
47
67
247
248
249
250
391
394
395
44
48
68
254
255
256
257
371
373
375
398
401
402
261
357
370
371
373
268
364
377
378
380
275
377
384
385
387
282
384
391
392
394
289
391
398
399
401
296
371
398
405
406
408
301
412
413
415
308
412
419
420
422
315
419
426
427
429
322
426
433
434
436
329
433
440
441
443
338
415
447
448
450
57
61
81
422
423
424
425
447
449
451
453
58
62
82
429
430
431
432
59
63
83
436
437
438
439
455
457
459
345
443
454
455
457
352
448
461
462
464
62
66
86
461
463
465
467
63
67
87
64
68
88
469
471
473
359
455
468
469
471
366
462
475
476
478
67
71
91
475
477
479
481
496
499
500
68
72
92
503
506
507
69
73
93
483
485
487
510
513
514
373
469
482
483
485
380
476
489
490
492
387
489
496
497
499
394
496
503
504
506
401
503
510
511
513
408
483
510
517
518
520
413
524
525
527
420
524
531
532
534
427
531
538
539
541
434
538
545
546
548
441
545
552
553
555
450
527
559
560
562
82
86
106
534
535
536
537
559
561
563
565
678
679
680
83
87
107
541
542
543
544
685
686
687
84
88
108
548
549
550
551
567
569
571
692
693
694
457
555
566
567
569
464
560
573
574
576
87
91
111
573
575
577
579
713
714
715
88
92
112
720
721
722
89
93
113
581
583
585
727
728
729
471
567
580
581
583
478
574
587
588
590
92
96
116
587
589
591
593
608
611
612
748
749
750
93
97
117
615
618
619
755
756
757
94
98
118
595
597
599
622
625
626
762
763
764
485
581
594
595
597
492
588
601
602
604
499
601
608
609
611
506
608
615
616
618
513
615
622
623
625
520
595
622
629
630
632
525
636
637
639
532
636
643
644
646
539
643
650
651
653
546
650
657
658
660
553
657
664
665
667
562
639
671
672
674
646
671
678
679
681
653
678
685
686
688
660
685
692
693
695
569
667
692
699
700
702
576
672
706
707
709
679
706
713
714
716
686
713
720
721
723
693
720
727
728
730
583
700
727
734
735
737
590
707
741
742
744
714
741
748
749
751
721
748
755
756
758
728
755
762
763
765
597
735
762
769
770
772
604
742
776
777
779
611
749
776
783
784
786
618
756
783
790
791
793
625
763
790
797
798
800
632
770
797
804
805
807
127
129
127
130
131
133
160
129
130
131
135
300
131
163
303
137
164
304
134
136
134
137
138
140
167
136
137
138
142
307
138
170
310
144
171
311
141
143
141
144
145
147
174
143
144
145
149
314
145
177
317
151
178
318
148
150
148
151
152
154
181
150
151
152
156
321
152
184
324
158
185
325
155
157
155
158
159
188
157
158
159
328
159
191
331
192
332
162
164
162
165
166
168
195
164
165
166
170
335
166
198
336
172
199
337
169
171
169
172
173
175
202
171
172
173
177
173
205
179
206
176
178
176
179
180
182
209
178
179
180
184
180
212
186
213
183
185
183
186
187
189
216
185
186
187
191
187
219
193
220
190
192
190
193
194
223
192
193
194
342
194
226
343
227
344
197
199
197
200
201
203
230
199
200
201
205
349
201
233
350
207
234
351
204
206
204
207
208
210
237
206
207
208
212
208
240
214
241
211
213
211
214
215
217
244
213
214
215
219
215
247
221
248
218
220
218
221
222
224
251
220
221
222
226
222
254
228
255
225
227
225
228
229
258
227
228
229
356
229
261
357
262
358
232
234
232
235
236
238
265
234
235
236
240
363
236
268
364
242
269
365
239
241
239
242
243
245
272
241
242
243
247
243
275
249
276
246
248
246
249
250
252
279
248
249
250
254
250
282
256
283
253
255
253
256
257
259
286
255
256
257
261
257
289
263
290
260
262
260
263
264
293
262
263
264
370
264
296
371
297
372
267
269
267
270
271
273
269
270
271
275
377
271
378
277
379
274
276
274
277
278
280
276
277
278
282
384
278
385
284
386
281
283
281
284
285
287
283
284
285
289
391
285
392
291
393
288
290
288
291
292
294
290
291
292
296
398
292
399
298
400
295
297
295
298
299
297
298
299
405
299
406
407
302
304
302
305
306
308
412
304
305
306
310
335
306
338
415
312
339
416
309
311
309
312
313
315
419
311
312
313
317
313
422
319
423
316
318
316
319
320
322
426
318
319
320
324
320
429
326
430
323
325
323
326
327
329
433
325
326
327
331
327
436
333
437
330
332
330
333
334
440
332
333
334
342
334
345
443
346
444
337
339
337
340
341
349
339
340
341
447
341
352
448
353
449
344
346
344
347
348
356
346
347
348
454
348
359
455
360
456
351
353
351
354
355
363
353
354
355
461
355
366
462
367
463
358
360
358
361
362
370
360
361
362
468
362
373
469
374
470
365
367
365
368
369
377
367
368
369
475
369
380
476
381
477
372
374
372
375
376
405
374
375
376
482
376
408
483
409
484
379
381
379
382
383
385
381
382
383
387
489
383
490
389
491
386
388
386
389
390
392
388
389
390
394
496
390
497
396
498
393
395
393
396
397
399
395
396
397
401
503
397
504
403
505
400
402
400
403
404
406
402
403
404
408
510
404
511
410
512
407
409
407
410
411
409
410
411
517
411
518
519
414
416
414
417
418
420
524
416
417
418
422
447
418
450
527
424
451
528
421
423
421
424
425
427
531
423
424
425
429
425
534
431
535
428
430
428
431
432
434
538
430
431
432
436
432
541
438
542
435
437
435
438
439
441
545
437
438
439
443
439
548
445
549
442
444
442
445
446
552
444
445
446
454
446
457
555
458
556
449
451
449
452
453
461
451
452
453
559
453
464
560
465
561
456
458
456
459
460
468
458
459
460
566
460
471
567
472
568
463
465
463
466
467
475
465
466
467
573
467
478
574
479
575
470
472
470
473
474
482
472
473
474
580
474
485
581
486
582
477
479
477
480
481
489
479
480
481
587
481
492
588
493
589
484
486
484
487
488
517
486
487
488
594
488
520
595
521
596
491
493
491
494
495
497
493
494
495
499
601
495
602
501
603
498
500
498
501
502
504
500
501
502
506
608
502
609
508
610
505
507
505
508
509
511
507
508
509
513
615
509
616
515
617
512
514
512
515
516
518
514
515
516
520
622
516
623
522
624
519
521
519
522
523
521
522
523
629
523
630
631
526
528
526
529
530
532
636
528
529
530
534
559
530
562
639
536
563
640
533
535
533
536
537
539
643
535
536
537
541
537
646
543
647
540
542
540
543
544
546
650
542
543
544
548
544
653
550
654
547
549
547
550
551
553
657
549
550
551
555
551
660
557
661
554
556
554
557
558
664
556
557
558
566
558
569
667
570
668
561
563
561
564
565
573
563
564
565
671
565
576
672
577
673
568
570
568
571
572
580
570
571
572
699
572
583
700
584
701
575
577
575
578
579
587
577
578
579
706
579
590
707
591
708
582
584
582
585
586
594
584
585
586
734
586
597
735
598
736
589
591
589
592
593
601
591
592
593
741
593
604
742
605
743
596
598
596
599
600
629
598
599
600
769
600
632
770
633
771
603
605
603
606
607
609
605
606
607
611
776
607
777
613
778
610
612
610
613
614
616
612
613
614
618
783
614
784
620
785
617
619
617
620
621
623
619
620
621
625
790
621
791
627
792
624
626
624
627
628
630
626
627
628
632
797
628
798
634
799
631
633
631
634
635
633
634
635
804
635
805
806
638
640
638
641
642
644
640
641
642
646
671
642
674
648
675
645
647
645
648
649
651
647
648
649
653
678
649
681
655
682
652
654
652
655
656
658
654
655
656
660
685
656
688
662
689
659
661
659
662
663
665
661
662
663
667
692
663
695
669
696
666
668
666
669
670
668
669
670
699
670
702
703
673
675
673
676
677
679
706
675
676
677
681
677
709
683
710
680
682
680
683
684
686
713
682
683
684
688
684
716
690
717
687
689
687
690
691
693
720
689
690
691
695
691
723
697
724
694
696
694
697
698
700
727
696
697
698
702
698
730
704
731
701
703
701
704
705
734
703
704
705
705
737
738
708
710
708
711
712
714
741
710
711
712
716
712
744
718
745
715
717
715
718
719
721
748
717
718
719
723
719
751
725
752
722
724
722
725
726
728
755
724
725
726
730
726
758
732
759
729
731
729
732
733
735
762
731
732
733
737
733
765
739
766
736
738
736
739
740
769
738
739
740
740
772
773
743
745
743
746
747
749
776
745
746
747
751
747
779
753
780
750
752
750
753
754
756
783
752
753
754
758
754
786
760
787
757
759
757
760
761
763
790
759
760
761
765
761
793
767
794
764
766
764
767
768
770
797
766
767
768
772
768
800
774
801
771
773
771
774
775
804
773
774
775
775
807
808
778
780
778
781
782
784
780
781
782
786
782
788
785
787
785
788
789
791
787
788
789
793
789
795
792
794
792
795
796
798
794
795
796
800
796
802
799
801
799
802
803
805
801
802
803
807
803
809
806
808
806
809
810
808
809
810
810
)


// ************************************************************************* //
