/*--------------------------------*- C++ -*----------------------------------*\
| =========                 |                                                 |
| \\      /  F ield         | OpenFOAM: The Open Source CFD Toolbox           |
|  \\    /   O peration     | Version:  2.3.x                                 |
|   \\  /    A nd           | Web:      www.OpenFOAM.org                      |
|    \\/     M anipulation  |                                                 |
\*---------------------------------------------------------------------------*/
FoamFile
{
    version     2.0;
    format      ascii;
    class       vectorField;
    location    "constant/solid2/polyMesh";
    object      points;
}
// * * * * * * * * * * * * * * * * * * * * * * * * * * * * * * * * * * * * * //


1214
(
(0.005 -0.005 -0.005)
(0.007 -0.005 -0.005)
(0.009 -0.005 -0.005)
(0.011 -0.005 -0.005)
(0.013 -0.005 -0.005)
(0.015 -0.005 -0.005)
(0.005 -0.003 -0.005)
(0.007001412 -0.003037948 -0.005)
(0.009000842 -0.003038516 -0.005)
(0.01100891 -0.003039359 -0.005)
(0.01304466 -0.003029687 -0.005)
(0.015 -0.003 -0.005)
(0.005 -0.001 -0.005)
(0.006999821 -0.001006095 -0.005)
(0.009000845 -0.001006874 -0.005)
(0.01100967 -0.001006296 -0.005)
(0.01304647 -0.00100497 -0.005)
(0.015 -0.001 -0.005)
(0.005 0.001 -0.005)
(0.006997673 0.00100655 -0.005)
(0.009000595 0.001008338 -0.005)
(0.01100953 0.001008988 -0.005)
(0.01304622 0.001007306 -0.005)
(0.015 0.001 -0.005)
(0.005 0.003 -0.005)
(0.006999538 0.003035771 -0.005)
(0.009000312 0.003043711 -0.005)
(0.01100758 0.003048318 -0.005)
(0.01304065 0.003041308 -0.005)
(0.015 0.003 -0.005)
(0.005 0.005 -0.005)
(0.007 0.005 -0.005)
(0.009 0.005 -0.005)
(0.011 0.005 -0.005)
(0.013 0.005 -0.005)
(0.015 0.005 -0.005)
(0.005 -0.005 -0.003)
(0.007001208 -0.005 -0.003031053)
(0.009000901 -0.005 -0.003043147)
(0.01100669 -0.005 -0.003045968)
(0.0130331 -0.005 -0.003028726)
(0.015 -0.005 -0.003)
(0.005 -0.005 -0.001)
(0.006999757 -0.005 -0.001004736)
(0.009000978 -0.005 -0.001007662)
(0.01100854 -0.005 -0.001008005)
(0.01304251 -0.005 -0.001005034)
(0.015 -0.005 -0.001)
(0.005 -0.005 0.001)
(0.007002006 -0.005 0.001006564)
(0.009000965 -0.005 0.001007941)
(0.01100768 -0.005 0.001008613)
(0.01303632 -0.005 0.001006956)
(0.015 -0.005 0.001)
(0.005 -0.005 0.003)
(0.006998554 -0.005 0.00303887)
(0.009000065 -0.005 0.003040786)
(0.01100559 -0.005 0.003047977)
(0.01303151 -0.005 0.003034972)
(0.015 -0.005 0.003)
(0.005 -0.005 0.005)
(0.007 -0.005 0.005)
(0.009 -0.005 0.005)
(0.011 -0.005 0.005)
(0.013 -0.005 0.005)
(0.015 -0.005 0.005)
(0.005 -0.003015663 -0.003020545)
(0.007000782 -0.00301682 -0.003016634)
(0.009002588 -0.003017238 -0.00301832)
(0.01101091 -0.003017216 -0.003018568)
(0.01302395 -0.003018634 -0.003015276)
(0.015 -0.003028909 -0.003017703)
(0.005 -0.001002524 -0.003025656)
(0.007000314 -0.001005455 -0.003012559)
(0.009003187 -0.001006654 -0.00300705)
(0.011012 -0.001006454 -0.003006745)
(0.01302105 -0.001006388 -0.003010281)
(0.015 -0.001006044 -0.003019653)
(0.005 0.001003737 -0.003026178)
(0.006999842 0.001006491 -0.003012828)
(0.009002961 0.001008305 -0.003007155)
(0.01101187 0.001008829 -0.003006974)
(0.01302096 0.001007148 -0.003011916)
(0.015 0.001003875 -0.003023232)
(0.005 0.003020463 -0.003022724)
(0.006999577 0.003017831 -0.003018563)
(0.00900199 0.003018973 -0.003018201)
(0.01101068 0.003020212 -0.003018079)
(0.01302438 0.003019903 -0.003019339)
(0.015 0.003021821 -0.003027322)
(0.005 0.005 -0.003)
(0.006997105 0.005 -0.003036961)
(0.009000359 0.005 -0.003039881)
(0.01100724 0.005 -0.00303788)
(0.01303726 0.005 -0.003036179)
(0.015 0.005 -0.003)
(0.005 -0.00302487 -0.001003279)
(0.007000491 -0.00301231 -0.001005397)
(0.009003109 -0.003006901 -0.001007283)
(0.01101084 -0.003007315 -0.001007197)
(0.0130192 -0.003015995 -0.001004705)
(0.015 -0.003037013 -0.001002752)
(0.005 -0.001004451 -0.001004603)
(0.007000742 -0.001004929 -0.001005037)
(0.009003754 -0.001004113 -0.001004246)
(0.01100936 -0.001004427 -0.00100376)
(0.01300908 -0.001006678 -0.001003541)
(0.015 -0.001006523 -0.001003592)
(0.005 0.001004815 -0.00100472)
(0.007000677 0.001005583 -0.001005313)
(0.00900375 0.001004969 -0.001004496)
(0.01100964 0.001005301 -0.00100407)
(0.01300936 0.00100649 -0.001004259)
(0.015 0.00100605 -0.001004083)
(0.005 0.003025097 -0.001003795)
(0.00700019 0.00301279 -0.001006532)
(0.009003097 0.003007283 -0.001007705)
(0.01101177 0.003007737 -0.001007467)
(0.01302101 0.003015477 -0.001006247)
(0.015 0.003033258 -0.00100342)
(0.005 0.005 -0.001)
(0.00699886 0.005 -0.001006361)
(0.009000692 0.005 -0.001007479)
(0.0110093 0.005 -0.001007315)
(0.01304745 0.005 -0.001006148)
(0.015 0.005 -0.001)
(0.005 -0.003027847 0.00100405)
(0.00700099 -0.003013078 0.001006724)
(0.009003005 -0.003006764 0.001008031)
(0.01101003 -0.003007003 0.001008746)
(0.0130173 -0.003015142 0.001008692)
(0.015 -0.003032504 0.001006877)
(0.005 -0.001004987 0.001005159)
(0.00700089 -0.00100523 0.001005797)
(0.009003749 -0.001004052 0.001005021)
(0.01100891 -0.001004212 0.001005915)
(0.01300859 -0.00100621 0.001008536)
(0.015 -0.001006187 0.001007682)
(0.005 0.001005461 0.001004926)
(0.007000902 0.001005845 0.001005371)
(0.009003847 0.001004827 0.001004442)
(0.01100964 0.001005203 0.001005359)
(0.01300918 0.001006735 0.001008035)
(0.015 0.001006492 0.001007599)
(0.005 0.003030521 0.001003774)
(0.007001106 0.003013931 0.001005087)
(0.009003634 0.003007154 0.001006222)
(0.01101184 0.003007587 0.001006945)
(0.01302046 0.003015984 0.001006968)
(0.015 0.00303547 0.001005765)
(0.005 0.005 0.001)
(0.007001299 0.005 0.001003928)
(0.009001424 0.005 0.001006307)
(0.01100933 0.005 0.001006969)
(0.01304399 0.005 0.00100521)
(0.015 0.005 0.001)
(0.005 -0.003022383 0.003023344)
(0.00700082 -0.003016211 0.003019124)
(0.009002226 -0.00301543 0.003018725)
(0.01100887 -0.003015108 0.003020259)
(0.01302011 -0.003016271 0.00302249)
(0.015 -0.003023947 0.003036875)
(0.005 -0.001003828 0.003028504)
(0.007001111 -0.001005482 0.003013588)
(0.009003365 -0.001006157 0.00300746)
(0.01101069 -0.001005925 0.00300822)
(0.0130187 -0.001005327 0.003017692)
(0.015 -0.001003867 0.00303641)
(0.005 0.001004175 0.003026448)
(0.00700101 0.00100599 0.003012846)
(0.009003524 0.001007419 0.003006973)
(0.01101151 0.001008058 0.003007761)
(0.01301989 0.001007023 0.003017325)
(0.015 0.001005109 0.003038528)
(0.005 0.003024669 0.003022752)
(0.007001376 0.003016951 0.003015535)
(0.009003167 0.003017133 0.003015596)
(0.01101113 0.003018614 0.003017139)
(0.01302492 0.00301893 0.003019534)
(0.015 0.003025991 0.003031001)
(0.005 0.005 0.003)
(0.007003651 0.005 0.003026223)
(0.009002175 0.005 0.003035156)
(0.01100797 0.005 0.003039858)
(0.01304035 0.005 0.003031005)
(0.015 0.005 0.003)
(0.005 -0.003 0.005)
(0.007002799 -0.003027999 0.005)
(0.009000734 -0.003033413 0.005)
(0.01100564 -0.003034556 0.005)
(0.01303267 -0.003026135 0.005)
(0.015 -0.003 0.005)
(0.005 -0.001 0.005)
(0.007001141 -0.001004955 0.005)
(0.009001334 -0.001006275 0.005)
(0.01100848 -0.001006118 0.005)
(0.01304102 -0.001004424 0.005)
(0.015 -0.001 0.005)
(0.005 0.001 0.005)
(0.007001138 0.001004921 0.005)
(0.009001278 0.001007327 0.005)
(0.01100913 0.001008112 0.005)
(0.01304188 0.001005832 0.005)
(0.015 0.001 0.005)
(0.005 0.003 0.005)
(0.006999521 0.003028379 0.005)
(0.009001079 0.003039402 0.005)
(0.01100755 0.00304458 0.005)
(0.0130392 0.003031468 0.005)
(0.015 0.003 0.005)
(0.005 0.005 0.005)
(0.007 0.005 0.005)
(0.009 0.005 0.005)
(0.011 0.005 0.005)
(0.013 0.005 0.005)
(0.015 0.005 0.005)
(0.006002478 -0.004025453 -0.004024313)
(0.008000392 -0.004032729 -0.00403129)
(0.01000301 -0.004031115 -0.004033634)
(0.0120165 -0.004030796 -0.004030032)
(0.01403551 -0.004028072 -0.004020576)
(0.005999454 -0.002009282 -0.004020638)
(0.008000592 -0.002017745 -0.004006846)
(0.01000509 -0.002017627 -0.004006225)
(0.01202248 -0.00201583 -0.004006388)
(0.01403849 -0.002010212 -0.004013821)
(0.005999653 5.307856e-07 -0.004021104)
(0.008000187 5.018308e-07 -0.004005266)
(0.01000521 9.382502e-07 -0.004004134)
(0.0120224 1.077322e-06 -0.0040049)
(0.01403389 -1.955412e-07 -0.004016614)
(0.00600128 0.002010864 -0.00401992)
(0.008000178 0.002018981 -0.004007075)
(0.01000468 0.002021284 -0.004006251)
(0.01202162 0.002020904 -0.004007111)
(0.01403593 0.002012355 -0.004022837)
(0.005998924 0.004026575 -0.004026076)
(0.007999166 0.00403265 -0.004034685)
(0.0100023 0.004033903 -0.004033169)
(0.0120143 0.004034677 -0.00403299)
(0.01403548 0.004024663 -0.004033128)
(0.005999408 -0.004017978 -0.002008661)
(0.008000786 -0.004006748 -0.002017102)
(0.01000453 -0.004006068 -0.002020353)
(0.01201965 -0.004007328 -0.002017692)
(0.01403454 -0.004029629 -0.002009069)
(0.006000083 -0.002010369 -0.00201147)
(0.01400848 -0.002016056 -0.002009497)
(0.006000036 3.681773e-07 -0.002012339)
(0.0140068 -3.187116e-07 -0.002010195)
(0.006000003 0.002011752 -0.002011945)
(0.01400871 0.002014163 -0.002012457)
(0.00599925 0.004020274 -0.002010815)
(0.007999699 0.004006965 -0.002018925)
(0.01000458 0.004006421 -0.002018867)
(0.01202108 0.004007575 -0.002018278)
(0.01403697 0.004025768 -0.002012626)
(0.006001292 -0.004022978 6.125687e-07)
(0.008001049 -0.004005283 4.164563e-07)
(0.01000464 -0.004004134 2.348241e-07)
(0.01201941 -0.004005756 7.595967e-07)
(0.01403206 -0.0040282 1.300468e-06)
(0.006000185 -0.002012754 3.528129e-07)
(0.01400636 -0.002016514 1.965272e-06)
(0.006000132 1.843767e-07 1.740575e-07)
(0.01400456 -3.342813e-08 1.786886e-06)
(0.006000165 0.002013314 -3.877272e-08)
(0.01400679 0.002016175 1.100777e-06)
(0.006001188 0.004022677 -3.773938e-07)
(0.00800107 0.00400536 -8.45766e-07)
(0.01000528 0.004004218 -3.346488e-07)
(0.01202195 0.004005829 -3.069224e-07)
(0.01403429 0.004026327 3.541866e-07)
(0.006000501 -0.004021964 0.002011193)
(0.008000778 -0.004006622 0.002018524)
(0.01000384 -0.004005763 0.002020966)
(0.01201688 -0.004006786 0.002020278)
(0.01402721 -0.004028541 0.002013335)
(0.006000288 -0.002012333 0.002012768)
(0.01400758 -0.002014428 0.002018557)
(0.006000249 2.250112e-07 0.002013076)
(0.01400652 3.212494e-07 0.002018351)
(0.006000327 0.002013525 0.002012023)
(0.01400869 0.002014977 0.002017045)
(0.0060022 0.004024673 0.002008531)
(0.008002015 0.004006861 0.00201437)
(0.01000522 0.004006123 0.002017421)
(0.01202122 0.004007355 0.002016091)
(0.01403683 0.004025128 0.002011674)
(0.006000295 -0.004024897 0.004030588)
(0.008000334 -0.004028783 0.004031279)
(0.01000193 -0.004030417 0.004035312)
(0.01201175 -0.004024513 0.004037264)
(0.0140309 -0.00402314 0.004031357)
(0.006002031 -0.00200942 0.004021849)
(0.008001732 -0.002015343 0.004007139)
(0.0100043 -0.002016444 0.004006538)
(0.01201809 -0.00201418 0.004008151)
(0.01403187 -0.002008671 0.004031508)
(0.006001992 2.253424e-07 0.00402213)
(0.008001439 2.613427e-07 0.004005354)
(0.01000508 7.143201e-07 0.004004294)
(0.01202071 9.175208e-07 0.004006193)
(0.01403309 -2.377481e-07 0.00403032)
(0.006001336 0.002009354 0.004021347)
(0.008001307 0.002016056 0.004006533)
(0.010005 0.002019507 0.004005963)
(0.01202149 0.002018279 0.004007493)
(0.01404032 0.002011363 0.004032748)
(0.006001038 0.00402403 0.004020907)
(0.008002341 0.004027462 0.00402806)
(0.01000317 0.004030528 0.004030187)
(0.0120157 0.004031405 0.004026474)
(0.01404094 0.004032524 0.004028653)
(0.006 -0.005 -0.005)
(0.005 -0.004 -0.005)
(0.005 -0.005 -0.004)
(0.008 -0.005 -0.005)
(0.007001068 -0.004078628 -0.005)
(0.00699923 -0.005 -0.004065543)
(0.01 -0.005 -0.005)
(0.009000173 -0.004072854 -0.005)
(0.009001119 -0.005 -0.004078243)
(0.012 -0.005 -0.005)
(0.01100893 -0.00407963 -0.005)
(0.01100356 -0.005 -0.004082328)
(0.014 -0.005 -0.005)
(0.01303233 -0.00405452 -0.005)
(0.01301804 -0.005 -0.004064214)
(0.015 -0.004 -0.005)
(0.015 -0.005 -0.004)
(0.006004402 -0.003024659 -0.005)
(0.005 -0.002 -0.005)
(0.005 -0.00301005 -0.004039799)
(0.008000411 -0.003040032 -0.005)
(0.006999306 -0.002017012 -0.005)
(0.007000963 -0.003027887 -0.004012761)
(0.01000303 -0.00303694 -0.005)
(0.009001072 -0.002018649 -0.005)
(0.009001756 -0.003029899 -0.004012145)
(0.0120201 -0.003032401 -0.005)
(0.0110096 -0.002017929 -0.005)
(0.01101036 -0.0030298 -0.004012244)
(0.01408663 -0.003022932 -0.005)
(0.01304794 -0.002013761 -0.005)
(0.0130344 -0.003024094 -0.00401132)
(0.015 -0.002 -0.005)
(0.015 -0.003017394 -0.004024801)
(0.006001189 -0.001002987 -0.005)
(0.005 -8.408535e-20 -0.005)
(0.005 -0.00100105 -0.004045575)
(0.007999852 -0.001006743 -0.005)
(0.006998872 2.723617e-07 -0.005)
(0.006999994 -0.00100622 -0.004008638)
(0.01000341 -0.001006613 -0.005)
(0.009000764 5.318997e-07 -0.005)
(0.009001995 -0.001007489 -0.004004665)
(0.01202295 -0.001005782 -0.005)
(0.01100956 9.131755e-07 -0.005)
(0.01101171 -0.00100702 -0.004004533)
(0.01408086 -0.001004202 -0.005)
(0.01304469 7.897927e-07 -0.005)
(0.01303583 -0.001005772 -0.00400692)
(0.015 -9.927196e-20 -0.005)
(0.015 -0.001003592 -0.004027311)
(0.005991703 0.001003994 -0.005)
(0.005 0.002 -0.005)
(0.005 0.001002396 -0.004047883)
(0.007999186 0.001007726 -0.005)
(0.006999307 0.00201726 -0.005)
(0.006998792 0.001007015 -0.004008794)
(0.0100033 0.001008684 -0.005)
(0.009000413 0.002021457 -0.005)
(0.009001714 0.001009197 -0.004004704)
(0.01202268 0.001008538 -0.005)
(0.01100909 0.002023072 -0.005)
(0.0110115 0.001009848 -0.004004647)
(0.01408222 0.001004113 -0.005)
(0.01304725 0.002019233 -0.005)
(0.01303557 0.001007796 -0.004008194)
(0.015 0.002 -0.005)
(0.015 0.001002032 -0.004039424)
(0.005999416 0.003026076 -0.005)
(0.005 0.004 -0.005)
(0.005 0.00301319 -0.004044156)
(0.007999414 0.003041922 -0.005)
(0.007001577 0.004069043 -0.005)
(0.006999545 0.003027493 -0.004014081)
(0.01000246 0.00304417 -0.005)
(0.008998697 0.00407745 -0.005)
(0.009001033 0.003033289 -0.004012167)
(0.01201825 0.003046821 -0.005)
(0.01100415 0.004088664 -0.005)
(0.01100926 0.003036077 -0.004012479)
(0.01407905 0.003026724 -0.005)
(0.01302529 0.004082806 -0.005)
(0.01303244 0.003030977 -0.004015043)
(0.015 0.004 -0.005)
(0.015 0.003014448 -0.004055084)
(0.006 0.005 -0.005)
(0.005 0.005 -0.004)
(0.008 0.005 -0.005)
(0.006995637 0.005 -0.004079862)
(0.01 0.005 -0.005)
(0.008999203 0.005 -0.004075109)
(0.012 0.005 -0.005)
(0.01100279 0.005 -0.004084992)
(0.014 0.005 -0.005)
(0.01302672 0.005 -0.004080571)
(0.015 0.005 -0.004)
(0.006004991 -0.005 -0.003018437)
(0.005 -0.005 -0.002)
(0.005 -0.004027657 -0.003012495)
(0.008000423 -0.005 -0.003037326)
(0.007000015 -0.005 -0.002013733)
(0.007000961 -0.004012832 -0.003024421)
(0.01000222 -0.005 -0.00304499)
(0.009000913 -0.005 -0.002020708)
(0.00900168 -0.004011646 -0.003032477)
(0.01201589 -0.005 -0.003040253)
(0.011008 -0.005 -0.002021436)
(0.01100895 -0.004011881 -0.003033748)
(0.01405379 -0.005 -0.003019917)
(0.0130417 -0.005 -0.002014235)
(0.01302822 -0.004013958 -0.003023538)
(0.015 -0.005 -0.002)
(0.015 -0.004058023 -0.003014972)
(0.005996139 -0.005 -0.001002147)
(0.005 -0.005 -7.328714e-20)
(0.005 -0.004044158 -0.001001688)
(0.008000223 -0.005 -0.001006573)
(0.007000796 -0.005 6.141295e-07)
(0.007000121 -0.004008501 -0.001005436)
(0.01000306 -0.005 -0.001008119)
(0.009001032 -0.005 8.998039e-08)
(0.009002003 -0.004004603 -0.001008285)
(0.01202046 -0.005 -0.001006915)
(0.01100827 -0.005 2.1693e-07)
(0.01101034 -0.004004779 -0.001008454)
(0.01407611 -0.005 -0.001003317)
(0.01304005 -0.005 8.102626e-07)
(0.01303243 -0.004010196 -0.001005417)
(0.015 -0.005 -1.32861e-19)
(0.015 -0.004049037 -0.001000888)
(0.006007572 -0.005 0.001004106)
(0.005 -0.005 0.002)
(0.005 -0.004049713 0.001002454)
(0.008000763 -0.005 0.001007377)
(0.007000305 -0.005 0.002017648)
(0.007001473 -0.004009002 0.001007133)
(0.01000278 -0.005 0.001008289)
(0.009000615 -0.005 0.002020453)
(0.009001941 -0.004004538 0.001008781)
(0.012018 -0.005 0.00100814)
(0.01100697 -0.005 0.002022576)
(0.01100943 -0.004004632 0.001009472)
(0.01405785 -0.005 0.001006158)
(0.01303538 -0.005 0.002016905)
(0.01302838 -0.004009891 0.001008076)
(0.015 -0.005 0.002)
(0.015 -0.004048116 0.001005526)
(0.005997758 -0.005 0.003026716)
(0.005 -0.005 0.004)
(0.005 -0.004041089 0.003013947)
(0.007999483 -0.005 0.003038972)
(0.006996491 -0.005 0.004082029)
(0.006999603 -0.00401226 0.00302932)
(0.01000172 -0.005 0.003044992)
(0.008999701 -0.005 0.00407765)
(0.009001056 -0.004010253 0.003032092)
(0.01201441 -0.005 0.003044209)
(0.01100439 -0.005 0.004080736)
(0.01100733 -0.004009899 0.003035584)
(0.01406284 -0.005 0.003024564)
(0.01302142 -0.005 0.004063236)
(0.0130257 -0.004012393 0.003028932)
(0.015 -0.005 0.004)
(0.015 -0.004049814 0.003023733)
(0.006 -0.005 0.005)
(0.005 -0.004 0.005)
(0.008 -0.005 0.005)
(0.007001026 -0.004054326 0.005)
(0.01 -0.005 0.005)
(0.009000702 -0.004053399 0.005)
(0.012 -0.005 0.005)
(0.01100252 -0.004050119 0.005)
(0.014 -0.005 0.005)
(0.01302162 -0.004048154 0.005)
(0.015 -0.004 0.005)
(0.006000574 -0.003015603 -0.003017944)
(0.005 -0.002007349 -0.003024253)
(0.005 -0.003020804 -0.002009327)
(0.008001211 -0.00301738 -0.003017241)
(0.007000405 -0.002011931 -0.003013415)
(0.0070005 -0.003012794 -0.002011815)
(0.01000554 -0.003017026 -0.003018762)
(0.009003021 -0.002014337 -0.003010434)
(0.009002906 -0.003010036 -0.002015383)
(0.01201837 -0.003016997 -0.003017047)
(0.01101198 -0.002014074 -0.003010263)
(0.011011 -0.003010368 -0.002015539)
(0.01401705 -0.003023976 -0.003015381)
(0.01302208 -0.002013414 -0.003011367)
(0.01302048 -0.003016772 -0.00201106)
(0.015 -0.002013398 -0.003019617)
(0.015 -0.003034601 -0.002008508)
(0.006000077 -0.001003748 -0.003019988)
(0.005 4.456542e-07 -0.003025982)
(0.005 -0.001003632 -0.00201235)
(0.008001201 -0.001006633 -0.003008776)
(0.007000077 4.826698e-07 -0.003012473)
(0.007000318 -0.001004884 -0.002010319)
(0.01000662 -0.001006815 -0.003006912)
(0.009003063 7.832809e-07 -0.003006577)
(0.01201909 -0.001006423 -0.003007895)
(0.01101224 1.087748e-06 -0.00300632)
(0.01401328 -0.001006334 -0.003015393)
(0.01302056 3.277417e-07 -0.003010615)
(0.01301246 -0.001006807 -0.002008388)
(0.015 -2.666906e-07 -0.003020816)
(0.015 -0.001006318 -0.002010299)
(0.005999661 0.001004953 -0.003020339)
(0.005 0.002009641 -0.003023955)
(0.005 0.001004427 -0.002012553)
(0.008000841 0.001007886 -0.003008965)
(0.006999998 0.002013101 -0.00301402)
(0.007000138 0.001005765 -0.002010617)
(0.01000644 0.001009054 -0.003006982)
(0.009002576 0.002016382 -0.003010543)
(0.01201891 0.001008673 -0.003008568)
(0.01101164 0.002017334 -0.003010491)
(0.01401327 0.001005258 -0.003018458)
(0.01302189 0.002014623 -0.00301446)
(0.0130126 0.001006533 -0.00200962)
(0.015 0.002009975 -0.003027448)
(0.015 0.00100526 -0.002011169)
(0.005999778 0.003018624 -0.003019802)
(0.005 0.004038963 -0.003016244)
(0.005 0.003023791 -0.002010425)
(0.008000268 0.003018362 -0.00301861)
(0.006998452 0.004013226 -0.003028598)
(0.006999784 0.003013766 -0.002013373)
(0.01000521 0.003019479 -0.003017965)
(0.009000963 0.004012328 -0.003031278)
(0.00900257 0.003010772 -0.002015415)
(0.01201836 0.003020092 -0.003018331)
(0.01100901 0.004013166 -0.003030731)
(0.01101151 0.003011405 -0.002015289)
(0.01401768 0.003020375 -0.003022628)
(0.01303101 0.004014575 -0.003028465)
(0.01302174 0.003016152 -0.002013641)
(0.015 0.004040953 -0.003018668)
(0.015 0.003029507 -0.002012307)
(0.005997983 0.005 -0.003023369)
(0.005 0.005 -0.002)
(0.007998637 0.005 -0.003043293)
(0.006997663 0.005 -0.002017348)
(0.01000233 0.005 -0.00303868)
(0.009000623 0.005 -0.00201907)
(0.01201737 0.005 -0.003039937)
(0.0110088 0.005 -0.002019609)
(0.01407385 0.005 -0.00301935)
(0.01304467 0.005 -0.002016422)
(0.015 0.005 -0.002)
(0.006000001 -0.003019425 -0.001004181)
(0.005 -0.002011948 -0.001004188)
(0.005 -0.003027905 3.177956e-07)
(0.008001416 -0.003008636 -0.001006734)
(0.007000415 -0.002010106 -0.001005081)
(0.00700079 -0.003012751 5.580664e-07)
(0.01000603 -0.003006904 -0.001007857)
(0.009003067 -0.003006448 3.627427e-07)
(0.01201711 -0.003009965 -0.001006495)
(0.01101067 -0.00300682 6.852321e-07)
(0.01401243 -0.003027255 -0.001003384)
(0.01301184 -0.002013553 -0.001003709)
(0.01301817 -0.003015678 1.716744e-06)
(0.015 -0.002017448 -0.001003312)
(0.015 -0.003035741 1.970824e-06)
(0.006000146 -0.001005024 -0.001005174)
(0.005 1.443447e-07 -0.001004748)
(0.005 -0.001004937 1.887619e-07)
(0.007000409 2.985611e-07 -0.001005225)
(0.007000521 -0.00100524 3.310294e-07)
(0.01400532 -0.001007273 -0.001003742)
(0.0130084 -9.92464e-08 -0.001003715)
(0.01300801 -0.001006757 2.235251e-06)
(0.015 -1.884046e-07 -0.001003722)
(0.015 -0.00100649 1.280279e-06)
(0.006000118 0.00100556 -0.001005364)
(0.005 0.002012451 -0.001004424)
(0.005 0.001005212 6.893901e-08)
(0.007000273 0.002010778 -0.001005704)
(0.0070005 0.001005779 2.737923e-08)
(0.01400544 0.001006734 -0.001004432)
(0.01301261 0.002013016 -0.001005111)
(0.01300842 0.001006777 1.702816e-06)
(0.015 0.002016255 -0.001004386)
(0.015 0.001006377 9.796055e-07)
(0.00599996 0.003019974 -0.001004977)
(0.005 0.004041915 -0.001002234)
(0.005 0.00302806 -5.298639e-08)
(0.00800112 0.003008963 -0.00100778)
(0.006999559 0.00400862 -0.001007004)
(0.007000754 0.003013177 -5.780676e-07)
(0.01000645 0.003007288 -0.001007949)
(0.009001862 0.004004721 -0.001008403)
(0.009003403 0.003006681 -6.659756e-07)
(0.01201877 0.003010129 -0.001007408)
(0.01101133 0.004004918 -0.001008218)
(0.0110121 0.003007093 -2.71671e-07)
(0.01401348 0.003025421 -0.001004959)
(0.01303594 0.004010275 -0.001006823)
(0.01302035 0.00301552 3.296238e-07)
(0.015 0.004057227 -0.001003783)
(0.015 0.003034007 6.953248e-08)
(0.005997523 0.005 -0.001003619)
(0.005 0.005 2.002434e-19)
(0.007999632 0.005 -0.001007517)
(0.007001035 0.005 -7.832325e-07)
(0.01000323 0.005 -0.001007295)
(0.009001114 0.005 -3.692511e-07)
(0.01202265 0.005 -0.00100717)
(0.01100942 0.005 -1.005077e-07)
(0.01408655 0.005 -0.001003956)
(0.01304417 0.005 -3.310891e-07)
(0.015 0.005 -7.458568e-20)
(0.006000602 -0.003021448 0.001005289)
(0.005 -0.002013347 0.001004823)
(0.005 -0.003026242 0.002010707)
(0.008001592 -0.003008727 0.001007783)
(0.007000646 -0.00201076 0.001006102)
(0.007000757 -0.00301373 0.002013715)
(0.01000562 -0.00300668 0.001008742)
(0.009002598 -0.003009432 0.002016065)
(0.01201563 -0.003009509 0.001008994)
(0.01100953 -0.003009478 0.002017266)
(0.01401097 -0.003025208 0.001008115)
(0.01301094 -0.002012779 0.001008867)
(0.01301762 -0.003015468 0.002016622)
(0.015 -0.002016074 0.001007481)
(0.015 -0.003033281 0.002017312)
(0.006000221 -0.001005523 0.001005866)
(0.005 1.480665e-07 0.001005117)
(0.005 -0.001004645 0.002013566)
(0.007000586 2.591185e-07 0.001005671)
(0.007000695 -0.001005356 0.002011302)
(0.01400511 -0.001006757 0.001008835)
(0.01300811 2.174763e-07 0.001008594)
(0.01301133 -0.001005923 0.002015525)
(0.015 6.470701e-08 0.001007585)
(0.015 -0.001005392 0.002019415)
(0.006000217 0.001006097 0.001005559)
(0.005 0.002014472 0.001004574)
(0.005 0.001005191 0.002012913)
(0.007000679 0.002011556 0.001005245)
(0.007000694 0.001005972 0.002010706)
(0.01400535 0.001007135 0.001008488)
(0.01301241 0.002013379 0.001007769)
(0.01301215 0.001006847 0.002014984)
(0.015 0.002017045 0.001006897)
(0.015 0.001005778 0.002018762)
(0.006000506 0.003023248 0.001004472)
(0.005 0.004056297 0.001002197)
(0.005 0.003029525 0.00201035)
(0.008002014 0.003009131 0.001005733)
(0.007001391 0.004009553 0.001004727)
(0.007001375 0.003014744 0.002011139)
(0.01000675 0.003007106 0.001006905)
(0.009002555 0.004004673 0.001006819)
(0.0090036 0.003010164 0.002013082)
(0.01201857 0.003010129 0.00100699)
(0.01101136 0.004004861 0.001007512)
(0.01101183 0.003010812 0.002014199)
(0.01401285 0.003027047 0.001006589)
(0.01303413 0.004010894 0.001006159)
(0.01302173 0.003016244 0.002014212)
(0.015 0.004071933 0.001002778)
(0.015 0.003030863 0.002014497)
(0.006003075 0.005 0.001002081)
(0.005 0.005 0.002)
(0.008001177 0.005 0.001005122)
(0.0070023 0.005 0.002012418)
(0.01000351 0.005 0.001006805)
(0.009001617 0.005 0.002016568)
(0.01202181 0.005 0.001006279)
(0.01100907 0.005 0.002017856)
(0.01407317 0.005 0.001003781)
(0.01304471 0.005 0.002014375)
(0.015 0.005 0.002)
(0.006000495 -0.003019036 0.003020725)
(0.005 -0.002010417 0.003026051)
(0.005 -0.003015814 0.004046728)
(0.008001259 -0.003015738 0.003018341)
(0.007001229 -0.002011637 0.003014758)
(0.007001773 -0.003022544 0.004014581)
(0.01000454 -0.00301561 0.003019538)
(0.009002971 -0.002012988 0.003010897)
(0.009001559 -0.003026032 0.004012349)
(0.01201517 -0.003014852 0.003020716)
(0.01101003 -0.002012688 0.003011818)
(0.01100754 -0.003025635 0.004013092)
(0.01401469 -0.003020415 0.003029522)
(0.01301857 -0.002011659 0.003019151)
(0.01302636 -0.003020742 0.004016531)
(0.015 -0.002011 0.003038754)
(0.015 -0.003012057 0.004078742)
(0.006000484 -0.001004664 0.003021949)
(0.005 1.098756e-07 0.003027412)
(0.005 -0.001002334 0.004052995)
(0.008001936 -0.001006136 0.003009268)
(0.007001068 2.25514e-07 0.003013016)
(0.007001351 -0.001005465 0.004009292)
(0.0100061 -0.001006352 0.003007543)
(0.009003473 5.735336e-07 0.003006752)
(0.009002358 -0.001006836 0.00400481)
(0.0120168 -0.001005677 0.003011134)
(0.0110114 9.512064e-07 0.003007472)
(0.01101027 -0.001006571 0.004005112)
(0.01401209 -0.001004717 0.003029028)
(0.01301918 6.80349e-07 0.003017145)
(0.01303156 -0.001004913 0.004011596)
(0.015 7.798842e-07 0.003035087)
(0.015 -0.001001155 0.004066814)
(0.006000366 0.001005119 0.003020677)
(0.005 0.002011333 0.003025473)
(0.005 0.00100231 0.004045899)
(0.008001921 0.001006908 0.003008731)
(0.007001098 0.002012312 0.003013363)
(0.007001082 0.001005718 0.004008755)
(0.01000653 0.001008197 0.003007094)
(0.009003392 0.002014681 0.003009584)
(0.009002397 0.001008095 0.004004601)
(0.01201803 0.001007951 0.003010687)
(0.01101171 0.002015786 0.003010532)
(0.01101105 0.001008865 0.004004927)
(0.01401259 0.001006119 0.003029157)
(0.01302184 0.002013958 0.003017943)
(0.01303301 0.001006832 0.004011262)
(0.015 0.002012803 0.003036622)
(0.015 0.001005011 0.004060818)
(0.006000628 0.003020572 0.003018698)
(0.005 0.004045993 0.0030142)
(0.005 0.003016225 0.004044928)
(0.00800204 0.00301638 0.00301516)
(0.007002606 0.004012619 0.003020943)
(0.007000602 0.003022856 0.004011802)
(0.01000589 0.003017991 0.003016583)
(0.009002623 0.004011105 0.003026475)
(0.009002022 0.003029678 0.004010126)
(0.01201881 0.0030184 0.003017313)
(0.0110098 0.004012212 0.003029679)
(0.0110096 0.003033035 0.004011415)
(0.01401832 0.0030228 0.003025325)
(0.01303281 0.004013985 0.00302504)
(0.01303247 0.003025674 0.004014566)
(0.015 0.004057404 0.003019)
(0.015 0.003019874 0.004060061)
(0.006006417 0.005 0.003015542)
(0.005 0.005 0.004)
(0.008002535 0.005 0.003030839)
(0.00700413 0.005 0.004048748)
(0.01000309 0.005 0.003038399)
(0.008998965 0.005 0.004049619)
(0.01201893 0.005 0.003035472)
(0.01100595 0.005 0.004073228)
(0.01408039 0.005 0.003018774)
(0.01302761 0.005 0.004062874)
(0.015 0.005 0.004)
(0.006006925 -0.003018573 0.005)
(0.005 -0.002 0.005)
(0.008001511 -0.003034731 0.005)
(0.007003229 -0.00201279 0.005)
(0.01000201 -0.003035045 0.005)
(0.00900129 -0.002016885 0.005)
(0.01201505 -0.003028287 0.005)
(0.01100756 -0.002016804 0.005)
(0.01405818 -0.003016523 0.005)
(0.01303707 -0.0020118 0.005)
(0.015 -0.002 0.005)
(0.006001602 -0.001002925 0.005)
(0.005 2.002105e-19 0.005)
(0.008001067 -0.001005873 0.005)
(0.007000858 -1.96213e-08 0.005)
(0.01000317 -0.001006467 0.005)
(0.009001313 3.648806e-07 0.005)
(0.01202005 -0.001005273 0.005)
(0.01100887 6.905367e-07 0.005)
(0.01407336 -0.001002259 0.005)
(0.01304273 3.521893e-07 0.005)
(0.015 -6.734526e-20 0.005)
(0.005999707 0.001003378 0.005)
(0.005 0.002 0.005)
(0.008000854 0.001006318 0.005)
(0.007001285 0.002013201 0.005)
(0.01000336 0.001007941 0.005)
(0.009001172 0.002019047 0.005)
(0.01202133 0.001007542 0.005)
(0.01100913 0.002020688 0.005)
(0.01406866 0.001004101 0.005)
(0.01304586 0.002015205 0.005)
(0.015 0.002 0.005)
(0.005997352 0.003018922 0.005)
(0.005 0.004 0.005)
(0.008000508 0.003034122 0.005)
(0.007000833 0.004054267 0.005)
(0.01000285 0.003042862 0.005)
(0.009001672 0.004065779 0.005)
(0.01201848 0.003040937 0.005)
(0.01100398 0.004081074 0.005)
(0.01407808 0.003021067 0.005)
(0.01302759 0.00405192 0.005)
(0.015 0.004 0.005)
(0.006 0.005 0.005)
(0.008 0.005 0.005)
(0.01 0.005 0.005)
(0.012 0.005 0.005)
(0.014 0.005 0.005)
(0.006003739 -0.004055181 -0.005)
(0.007999651 -0.004073055 -0.005)
(0.01000255 -0.004067253 -0.005)
(0.01201538 -0.004069692 -0.005)
(0.01406618 -0.00405155 -0.005)
(0.005997124 -0.002010322 -0.005)
(0.007999972 -0.002018973 -0.005)
(0.01000336 -0.002018096 -0.005)
(0.01202304 -0.002016076 -0.005)
(0.01408618 -0.002007898 -0.005)
(0.00599988 5.933041e-07 -0.005)
(0.007999448 3.725777e-07 -0.005)
(0.01000335 7.415668e-07 -0.005)
(0.01202262 9.624474e-07 -0.005)
(0.01407176 6.881619e-07 -0.005)
(0.006006041 0.002011629 -0.005)
(0.007999845 0.002019878 -0.005)
(0.01000304 0.002022187 -0.005)
(0.01202195 0.002022083 -0.005)
(0.014079 0.002014207 -0.005)
(0.00599516 0.004052625 -0.005)
(0.007999608 0.004071725 -0.005)
(0.01000065 0.004072363 -0.005)
(0.01201075 0.004074574 -0.005)
(0.01404105 0.004043686 -0.005)
(0.006005314 -0.005 -0.004043151)
(0.00800031 -0.005 -0.004069151)
(0.01000105 -0.005 -0.004072249)
(0.0120146 -0.005 -0.004064106)
(0.01404367 -0.005 -0.004034192)
(0.005997263 -0.005 -0.002007766)
(0.008000332 -0.005 -0.002017707)
(0.010003 -0.005 -0.002021492)
(0.01201981 -0.005 -0.002018838)
(0.01408 -0.005 -0.002007907)
(0.006003627 -0.005 7.285324e-07)
(0.008000557 -0.005 3.003765e-07)
(0.010003 -0.005 6.41438e-08)
(0.01201966 -0.005 5.048488e-07)
(0.01407218 -0.005 7.57473e-07)
(0.006000613 -0.005 0.002011327)
(0.00800041 -0.005 0.002019183)
(0.01000239 -0.005 0.00202185)
(0.01201671 -0.005 0.002020978)
(0.0140578 -0.005 0.002009814)
(0.005995578 -0.005 0.004062354)
(0.00799896 -0.005 0.004065953)
(0.01000062 -0.005 0.004078772)
(0.01200907 -0.005 0.004086307)
(0.01404665 -0.005 0.004050511)
(0.005 -0.004021428 -0.004029556)
(0.007000645 -0.004033157 -0.004029012)
(0.006001572 -0.003018399 -0.00402018)
(0.006001723 -0.004016505 -0.003017058)
(0.00900115 -0.004032354 -0.004034416)
(0.008000793 -0.003030193 -0.004011792)
(0.008000813 -0.004011968 -0.003028902)
(0.01100788 -0.00403396 -0.004035439)
(0.01000446 -0.003029187 -0.004012124)
(0.01000391 -0.004011438 -0.003033647)
(0.01302685 -0.004026586 -0.004027764)
(0.01202041 -0.003026607 -0.004011336)
(0.01201757 -0.004011899 -0.003029766)
(0.01403844 -0.003020819 -0.00401455)
(0.01402862 -0.00402731 -0.00301731)
(0.015 -0.004032351 -0.004025889)
(0.005 -0.002004068 -0.004044231)
(0.006999965 -0.002015491 -0.004009353)
(0.006000219 -0.001003279 -0.004021058)
(0.006000071 -0.002009228 -0.003019253)
(0.009002021 -0.002017946 -0.004006332)
(0.00800048 -0.001007311 -0.004005517)
(0.008001243 -0.00201394 -0.003011119)
(0.01101148 -0.002017335 -0.004006241)
(0.01000525 -0.001007325 -0.004004491)
(0.01000638 -0.002014285 -0.00301033)
(0.01303653 -0.00201386 -0.004007639)
(0.01202265 -0.001006492 -0.004005037)
(0.01201911 -0.002013572 -0.00301039)
(0.01403634 -0.001004719 -0.004014216)
(0.01401434 -0.002013847 -0.003015255)
(0.015 -0.002006959 -0.004026449)
(0.005 4.965246e-07 -0.004045254)
(0.006999452 4.00295e-07 -0.004008547)
(0.00599773 0.001004447 -0.004021638)
(0.005999927 4.949265e-07 -0.003020245)
(0.00900188 7.045391e-07 -0.004004343)
(0.007999955 0.001008438 -0.004005601)
(0.008001018 5.952416e-07 -0.003008302)
(0.01101166 1.102324e-06 -0.004004234)
(0.01000506 0.00100967 -0.004004528)
(0.01000664 1.003183e-06 -0.003006177)
(0.01303482 7.04702e-07 -0.004007304)
(0.01202235 0.001009345 -0.004005417)
(0.01201896 9.565603e-07 -0.003007574)
(0.01403651 0.001004601 -0.004018983)
(0.01401277 -2.785509e-07 -0.003016506)
(0.015 -1.574903e-06 -0.004034556)
(0.005 0.00200628 -0.004040262)
(0.006999748 0.002016157 -0.004009561)
(0.005999788 0.003020231 -0.004021833)
(0.006000103 0.002011114 -0.003019508)
(0.0090015 0.002020493 -0.004006395)
(0.00799983 0.003031491 -0.004012654)
(0.008000734 0.002015264 -0.003011609)
(0.01101091 0.002021881 -0.004006439)
(0.01000382 0.003034077 -0.004012028)
(0.01000603 0.002017075 -0.003010276)
(0.01303548 0.002018052 -0.004010082)
(0.01201894 0.003034712 -0.004012566)
(0.01201876 0.00201669 -0.003011563)
(0.01403579 0.003021299 -0.004026641)
(0.01401409 0.00201224 -0.003021293)
(0.015 0.002007443 -0.004049055)
(0.005 0.004028004 -0.004035729)
(0.006998807 0.004030756 -0.00403405)
(0.005999039 0.004020308 -0.003020524)
(0.006001288 0.005 -0.004040391)
(0.008999857 0.004034374 -0.004033786)
(0.007999346 0.004012212 -0.003032121)
(0.007998196 0.005 -0.004078311)
(0.01100595 0.004038024 -0.004036126)
(0.01000372 0.004012441 -0.003030665)
(0.01000208 0.005 -0.004072549)
(0.01302711 0.004034936 -0.00403499)
(0.01201834 0.004013089 -0.003030592)
(0.01201195 0.005 -0.004070893)
(0.01403482 0.004021566 -0.003021458)
(0.015 0.004026165 -0.004053669)
(0.01406496 0.005 -0.004050294)
(0.005 -0.004037165 -0.0020053)
(0.007000242 -0.00400891 -0.002013644)
(0.006000064 -0.003017127 -0.002010315)
(0.005999076 -0.004020511 -0.0010031)
(0.009001896 -0.004006171 -0.002019508)
(0.008001329 -0.003010898 -0.002013949)
(0.008000792 -0.004005464 -0.00100719)
(0.01100998 -0.004006349 -0.002020044)
(0.01000592 -0.003009903 -0.002015975)
(0.01000471 -0.00400449 -0.00100873)
(0.01303199 -0.004011446 -0.002013739)
(0.01201753 -0.003012028 -0.002013904)
(0.01202012 -0.004006022 -0.00100733)
(0.01401349 -0.003026774 -0.002009266)
(0.01403394 -0.004025 -0.001003068)
(0.015 -0.004067787 -0.002007056)
(0.005 -0.002009953 -0.002011449)
(0.007000329 -0.002010089 -0.002010542)
(0.006000084 -0.001004385 -0.002012093)
(0.006000105 -0.002011742 -0.001004826)
(0.01301468 -0.002013561 -0.002008895)
(0.01400712 -0.001007057 -0.002009773)
(0.01400686 -0.002016674 -0.001003565)
(0.015 -0.002016764 -0.002009711)
(0.005 2.917965e-07 -0.002012618)
(0.007000187 4.008613e-07 -0.002010402)
(0.005999989 0.001005284 -0.002012337)
(0.006000107 2.327325e-07 -0.001005343)
(0.01301189 -8.992925e-08 -0.002008677)
(0.01400718 0.001006095 -0.00201115)
(0.014005 -1.977425e-07 -0.001003974)
(0.015 -3.192653e-07 -0.002010357)
(0.005 0.002011457 -0.002011714)
(0.007000037 0.002011123 -0.002011243)
(0.005999833 0.003019224 -0.002011592)
(0.006000065 0.002012404 -0.001005236)
(0.008000623 0.003011502 -0.002015168)
(0.01000598 0.003010838 -0.002015433)
(0.01301513 0.002013032 -0.002011208)
(0.01201854 0.003012767 -0.002014908)
(0.01401428 0.003023472 -0.002012953)
(0.01400721 0.002015572 -0.001004931)
(0.015 0.00201416 -0.002012599)
(0.005 0.004043146 -0.00200694)
(0.006998792 0.00400942 -0.002016368)
(0.005999339 0.004020268 -0.001004285)
(0.005998524 0.005 -0.002010417)
(0.009001495 0.00400644 -0.002018883)
(0.008000317 0.004005561 -0.001008288)
(0.00799887 0.005 -0.002020095)
(0.01101065 0.004006743 -0.002018845)
(0.01000503 0.00400462 -0.001008332)
(0.01000293 0.005 -0.002019346)
(0.01303456 0.004010998 -0.002016214)
(0.01202222 0.00400611 -0.001007914)
(0.01202121 0.005 -0.002019101)
(0.01403777 0.00402626 -0.001004886)
(0.015 0.004057815 -0.002012093)
(0.01408317 0.005 -0.002010894)
(0.005 -0.004051467 4.306025e-07)
(0.007000904 -0.004008841 6.468242e-07)
(0.006000384 -0.003021296 4.585964e-07)
(0.006002462 -0.004022739 0.001004595)
(0.009002042 -0.004004292 2.3142e-07)
(0.008001553 -0.00300826 4.720611e-07)
(0.008001168 -0.004005523 0.001008196)
(0.01101008 -0.004004443 4.31825e-07)
(0.01000593 -0.003006181 4.191049e-07)
(0.01000434 -0.004004393 0.001009252)
(0.01303086 -0.004010335 1.121289e-06)
(0.01201647 -0.00300939 1.110728e-06)
(0.01201807 -0.004005831 0.001009108)
(0.01401172 -0.00302706 1.962808e-06)
(0.01402773 -0.004024295 0.001006727)
(0.015 -0.004064533 1.143373e-06)
(0.005 -0.002013243 2.407912e-07)
(0.007000495 -0.002010549 4.466262e-07)
(0.006000156 -0.001005465 2.708264e-07)
(0.006000258 -0.002012903 0.001005685)
(0.01301082 -0.002013358 2.207814e-06)
(0.01400485 -0.001007196 1.920522e-06)
(0.0140064 -0.002015551 0.001008727)
(0.015 -0.002017292 1.341831e-06)
(0.005 1.033652e-07 1.242359e-07)
(0.007000416 2.476884e-07 1.945239e-07)
(0.006000146 0.001005899 7.189262e-08)
(0.006000183 2.143188e-07 0.001005792)
(0.0130074 1.743281e-08 2.10907e-06)
(0.01400501 0.001007081 1.494543e-06)
(0.01400489 1.411271e-07 0.001008733)
(0.015 -3.464067e-08 1.20439e-06)
(0.005 0.00201365 3.06898e-08)
(0.007000457 0.002011135 -1.993447e-07)
(0.006000342 0.003021761 -2.115054e-07)
(0.006000249 0.002013934 0.001005189)
(0.008001637 0.003008517 -8.304563e-07)
(0.01000672 0.003006426 -4.548087e-07)
(0.01301184 0.002013253 1.161042e-06)
(0.01201866 0.003009565 -1.437815e-07)
(0.01401276 0.003026167 5.003036e-07)
(0.01400709 0.00201627 0.001007812)
(0.015 0.0020169 8.5866e-07)
(0.005 0.004049243 -2.063349e-07)
(0.007000873 0.004008951 -8.138677e-07)
(0.006001438 0.004025032 0.001003181)
(0.006003593 0.005 -2.686222e-07)
(0.009002267 0.004004369 -5.848283e-07)
(0.008001602 0.004005692 0.001005856)
(0.008000522 0.005 -6.511148e-07)
(0.01101148 0.004004539 -2.527544e-07)
(0.01000535 0.004004546 0.001007434)
(0.01000342 0.005 -1.194747e-07)
(0.01303443 0.004010213 -1.575336e-07)
(0.01202169 0.004006167 0.001006992)
(0.01202208 0.005 -3.170451e-07)
(0.0140339 0.004030501 0.001004661)
(0.015 0.004054756 1.792138e-06)
(0.01407414 0.005 -5.039172e-07)
(0.005 -0.004047507 0.002006531)
(0.007000517 -0.004009527 0.002016609)
(0.006000353 -0.003020606 0.002012066)
(0.005999513 -0.004020888 0.003021569)
(0.009001569 -0.004005841 0.002019798)
(0.008001361 -0.003010647 0.002015187)
(0.008000224 -0.004010893 0.003030383)
(0.01100863 -0.004005831 0.002021459)
(0.01000515 -0.003009252 0.002016886)
(0.01000307 -0.004010681 0.003034266)
(0.01302728 -0.004010823 0.002017325)
(0.01201514 -0.003011 0.002017078)
(0.01201508 -0.004010184 0.003033876)
(0.01401146 -0.003025018 0.002017299)
(0.01402896 -0.004023883 0.003024941)
(0.015 -0.004067429 0.002011023)
(0.005 -0.002012495 0.00201259)
(0.0070007 -0.002010925 0.002011852)
(0.006000256 -0.001005265 0.002013259)
(0.006000606 -0.002011105 0.003021015)
(0.008001827 -0.002012633 0.003011823)
(0.01000552 -0.002013136 0.003011052)
(0.01301288 -0.00201227 0.002016002)
(0.01201594 -0.002012029 0.003013875)
(0.01400662 -0.001006034 0.002018616)
(0.01401241 -0.002011686 0.003030039)
(0.015 -0.002014826 0.002019126)
(0.005 1.647558e-07 0.002013376)
(0.007000638 2.582821e-07 0.002010974)
(0.006000243 0.001005885 0.002012653)
(0.006000558 1.874366e-07 0.003021344)
(0.00800194 3.549125e-07 0.003008505)
(0.01000644 8.068313e-07 0.003006609)
(0.0130112 4.239942e-07 0.002015235)
(0.01201752 9.619281e-07 0.003010354)
(0.01400699 0.001006685 0.002018105)
(0.0140122 5.349797e-07 0.003028397)
(0.015 2.668898e-07 0.002019083)
(0.005 0.002013859 0.002012169)
(0.007000805 0.002011795 0.002010651)
(0.006000672 0.003022798 0.002010781)
(0.006000499 0.002011913 0.003020033)
(0.008002203 0.003011211 0.002012122)
(0.008001914 0.002013503 0.003010478)
(0.01000658 0.003010231 0.002013967)
(0.01000642 0.002015583 0.003009796)
(0.01301497 0.002013261 0.002014641)
(0.01201868 0.003012305 0.002013985)
(0.01201864 0.002015161 0.003012533)
(0.01401427 0.003024529 0.002014861)
(0.0140147 0.002013521 0.003028602)
(0.015 0.00201501 0.002017223)
(0.005 0.004054736 0.002006227)
(0.007002061 0.004010183 0.002012141)
(0.006002455 0.004022643 0.003016003)
(0.006005359 0.005 0.002007244)
(0.009002684 0.00400614 0.002016054)
(0.008002405 0.004010981 0.003024389)
(0.008001637 0.005 0.002014628)
(0.011011 0.004006465 0.002017393)
(0.01000461 0.004011433 0.003028946)
(0.01000349 0.005 0.002018419)
(0.01303457 0.004010888 0.002014587)
(0.01201948 0.004012188 0.003027161)
(0.01202116 0.005 0.00201592)
(0.01403715 0.004027081 0.003020696)
(0.015 0.004050486 0.002009966)
(0.01408308 0.005 0.002009721)
(0.005 -0.004037109 0.004031948)
(0.006999586 -0.004025581 0.004034816)
(0.006002367 -0.003018048 0.004023447)
(0.006005079 -0.004038229 0.005)
(0.009000683 -0.00402619 0.004034302)
(0.008001393 -0.003026104 0.004012234)
(0.008001452 -0.00406617 0.005)
(0.0110052 -0.004024704 0.004036316)
(0.01000333 -0.003027027 0.004012661)
(0.01000118 -0.004071944 0.005)
(0.01302255 -0.004023176 0.004030785)
(0.01201558 -0.003022848 0.004013894)
(0.01200934 -0.004054036 0.005)
(0.01402844 -0.00301614 0.004034528)
(0.015 -0.004031868 0.004041045)
(0.01404898 -0.004037673 0.005)
(0.005 -0.002006567 0.004045108)
(0.007002154 -0.002012918 0.0040101)
(0.006001117 -0.001003673 0.004023579)
(0.00600488 -0.002008639 0.005)
(0.00900216 -0.002016082 0.004006514)
(0.008001537 -0.001006469 0.004005737)
(0.00800155 -0.002016074 0.005)
(0.01100926 -0.00201576 0.004006913)
(0.01000483 -0.00100694 0.004004728)
(0.01000282 -0.002017448 0.005)
(0.01302932 -0.002011987 0.004012673)
(0.01201978 -0.001005853 0.00400658)
(0.01201806 -0.002014959 0.005)
(0.01403282 -0.001003092 0.004030789)
(0.015 -0.002006588 0.004068056)
(0.01407202 -0.002007047 0.005)
(0.005 4.778403e-08 0.004047493)
(0.007001231 1.231848e-07 0.004008843)
(0.006000488 0.001003913 0.00402144)
(0.006006018 5.651687e-07 0.005)
(0.009002411 4.968642e-07 0.004004402)
(0.008001373 0.001007085 0.004005495)
(0.008000904 1.486462e-07 0.005)
(0.01101082 8.849299e-07 0.004004694)
(0.01000515 0.001008755 0.004004546)
(0.0100033 5.335991e-07 0.005)
(0.01303271 5.585523e-07 0.00401127)
(0.01202113 0.001008274 0.004006376)
(0.01202101 8.134997e-07 0.005)
(0.01403281 0.001005251 0.004029263)
(0.015 -2.025082e-06 0.004067225)
(0.01407318 -3.35561e-07 0.005)
(0.005 0.002006562 0.004045721)
(0.00700115 0.002013287 0.004009288)
(0.005999724 0.003018352 0.004021161)
(0.006004226 0.002007637 0.005)
(0.009002278 0.002018191 0.004005865)
(0.008001281 0.00302645 0.004010639)
(0.008000714 0.002016503 0.005)
(0.01101094 0.002019746 0.00400634)
(0.01000438 0.003031807 0.004010966)
(0.01000326 0.002020544 0.005)
(0.01303527 0.002015273 0.004012353)
(0.01201929 0.003030621 0.004011388)
(0.0120221 0.002018901 0.005)
(0.01403686 0.003021718 0.00402865)
(0.015 0.002008967 0.004076921)
(0.01409663 0.002009119 0.005)
(0.005 0.004035758 0.00402993)
(0.007002088 0.004025291 0.00402334)
(0.005998592 0.005 0.004030893)
(0.006004009 0.004035999 0.005)
(0.009001375 0.004029772 0.004025114)
(0.008004495 0.005 0.0040661)
(0.00800118 0.004059886 0.005)
(0.01100714 0.00403485 0.004031755)
(0.01000245 0.005 0.004068372)
(0.01000174 0.00406418 0.005)
(0.01302895 0.004026993 0.004028397)
(0.0120131 0.005 0.004053161)
(0.01201285 0.004069516 0.005)
(0.015 0.00406108 0.004054739)
(0.01406355 0.005 0.004031816)
(0.01406483 0.004044156 0.005)
)


// ************************************************************************* //
