/*--------------------------------*- C++ -*----------------------------------*\
| =========                 |                                                 |
| \\      /  F ield         | OpenFOAM: The Open Source CFD Toolbox           |
|  \\    /   O peration     | Version:  2.3.x                                 |
|   \\  /    A nd           | Web:      www.OpenFOAM.org                      |
|    \\/     M anipulation  |                                                 |
\*---------------------------------------------------------------------------*/
FoamFile
{
    version     2.0;
    format      ascii;
    class       labelList;
    location    "constant/solid2/polyMesh";
    object      pointRegionAddressing;
}
// * * * * * * * * * * * * * * * * * * * * * * * * * * * * * * * * * * * * * //


1331
(
1312
1313
1314
1315
1316
1317
1318
1319
1320
1321
1322
3316
3317
3318
3319
3320
3321
3322
3323
3324
3325
3326
3336
3337
3338
3339
3340
3341
3342
3343
3344
3345
3346
3356
3357
3358
3359
3360
3361
3362
3363
3364
3365
3366
3376
3377
3378
3379
3380
3381
3382
3383
3384
3385
3386
3396
3397
3398
3399
3400
3401
3402
3403
3404
3405
3406
3416
3417
3418
3419
3420
3421
3422
3423
3424
3425
3426
3436
3437
3438
3439
3440
3441
3442
3443
3444
3445
3446
3456
3457
3458
3459
3460
3461
3462
3463
3464
3465
3466
3476
3477
3478
3479
3480
3481
3482
3483
3484
3485
3486
3496
3497
3498
3499
3500
3501
3502
3503
3504
3505
3506
5932
5933
5934
5935
5936
5937
5938
5939
5940
5941
5942
6072
6073
6074
6075
6076
6077
6078
6079
6080
6081
6082
6212
6213
6214
6215
6216
6217
6218
6219
6220
6221
6222
6352
6353
6354
6355
6356
6357
6358
6359
6360
6361
6362
6492
6493
6494
6495
6496
6497
6498
6499
6500
6501
6502
6632
6633
6634
6635
6636
6637
6638
6639
6640
6641
6642
6772
6773
6774
6775
6776
6777
6778
6779
6780
6781
6782
6912
6913
6914
6915
6916
6917
6918
6919
6920
6921
6922
7052
7053
7054
7055
7056
7057
7058
7059
7060
7061
7062
7192
7193
7194
7195
7196
7197
7198
7199
7200
7201
7202
8332
8333
8334
8335
8336
8337
8338
8339
8340
8341
8342
8352
8353
8354
8355
8356
8357
8358
8359
8360
8361
8362
8372
8373
8374
8375
8376
8377
8378
8379
8380
8381
8382
8392
8393
8394
8395
8396
8397
8398
8399
8400
8401
8402
8412
8413
8414
8415
8416
8417
8418
8419
8420
8421
8422
8432
8433
8434
8435
8436
8437
8438
8439
8440
8441
8442
8452
8453
8454
8455
8456
8457
8458
8459
8460
8461
8462
8472
8473
8474
8475
8476
8477
8478
8479
8480
8481
8482
8492
8493
8494
8495
8496
8497
8498
8499
8500
8501
8502
8512
8513
8514
8515
8516
8517
8518
8519
8520
8521
8522
8532
8533
8534
8535
8536
8537
8538
8539
8540
8541
8542
8552
8553
8554
8555
8556
8557
8558
8559
8560
8561
8562
8572
8573
8574
8575
8576
8577
8578
8579
8580
8581
8582
8592
8593
8594
8595
8596
8597
8598
8599
8600
8601
8602
8612
8613
8614
8615
8616
8617
8618
8619
8620
8621
8622
8632
8633
8634
8635
8636
8637
8638
8639
8640
8641
8642
8652
8653
8654
8655
8656
8657
8658
8659
8660
8661
8662
8672
8673
8674
8675
8676
8677
8678
8679
8680
8681
8682
8692
8693
8694
8695
8696
8697
8698
8699
8700
8701
8702
8712
8713
8714
8715
8716
8717
8718
8719
8720
8721
8722
8732
8733
8734
8735
8736
8737
8738
8739
8740
8741
8742
8752
8753
8754
8755
8756
8757
8758
8759
8760
8761
8762
8772
8773
8774
8775
8776
8777
8778
8779
8780
8781
8782
8792
8793
8794
8795
8796
8797
8798
8799
8800
8801
8802
8812
8813
8814
8815
8816
8817
8818
8819
8820
8821
8822
8832
8833
8834
8835
8836
8837
8838
8839
8840
8841
8842
8852
8853
8854
8855
8856
8857
8858
8859
8860
8861
8862
8872
8873
8874
8875
8876
8877
8878
8879
8880
8881
8882
8892
8893
8894
8895
8896
8897
8898
8899
8900
8901
8902
8912
8913
8914
8915
8916
8917
8918
8919
8920
8921
8922
8932
8933
8934
8935
8936
8937
8938
8939
8940
8941
8942
8952
8953
8954
8955
8956
8957
8958
8959
8960
8961
8962
8972
8973
8974
8975
8976
8977
8978
8979
8980
8981
8982
8992
8993
8994
8995
8996
8997
8998
8999
9000
9001
9002
9012
9013
9014
9015
9016
9017
9018
9019
9020
9021
9022
9032
9033
9034
9035
9036
9037
9038
9039
9040
9041
9042
9052
9053
9054
9055
9056
9057
9058
9059
9060
9061
9062
9072
9073
9074
9075
9076
9077
9078
9079
9080
9081
9082
9092
9093
9094
9095
9096
9097
9098
9099
9100
9101
9102
9112
9113
9114
9115
9116
9117
9118
9119
9120
9121
9122
9132
9133
9134
9135
9136
9137
9138
9139
9140
9141
9142
9152
9153
9154
9155
9156
9157
9158
9159
9160
9161
9162
9172
9173
9174
9175
9176
9177
9178
9179
9180
9181
9182
9192
9193
9194
9195
9196
9197
9198
9199
9200
9201
9202
9212
9213
9214
9215
9216
9217
9218
9219
9220
9221
9222
9232
9233
9234
9235
9236
9237
9238
9239
9240
9241
9242
9252
9253
9254
9255
9256
9257
9258
9259
9260
9261
9262
9272
9273
9274
9275
9276
9277
9278
9279
9280
9281
9282
9292
9293
9294
9295
9296
9297
9298
9299
9300
9301
9302
9312
9313
9314
9315
9316
9317
9318
9319
9320
9321
9322
9332
9333
9334
9335
9336
9337
9338
9339
9340
9341
9342
9352
9353
9354
9355
9356
9357
9358
9359
9360
9361
9362
9372
9373
9374
9375
9376
9377
9378
9379
9380
9381
9382
9392
9393
9394
9395
9396
9397
9398
9399
9400
9401
9402
9412
9413
9414
9415
9416
9417
9418
9419
9420
9421
9422
9432
9433
9434
9435
9436
9437
9438
9439
9440
9441
9442
9452
9453
9454
9455
9456
9457
9458
9459
9460
9461
9462
9472
9473
9474
9475
9476
9477
9478
9479
9480
9481
9482
9492
9493
9494
9495
9496
9497
9498
9499
9500
9501
9502
9512
9513
9514
9515
9516
9517
9518
9519
9520
9521
9522
9532
9533
9534
9535
9536
9537
9538
9539
9540
9541
9542
9552
9553
9554
9555
9556
9557
9558
9559
9560
9561
9562
9572
9573
9574
9575
9576
9577
9578
9579
9580
9581
9582
9592
9593
9594
9595
9596
9597
9598
9599
9600
9601
9602
9612
9613
9614
9615
9616
9617
9618
9619
9620
9621
9622
9632
9633
9634
9635
9636
9637
9638
9639
9640
9641
9642
9652
9653
9654
9655
9656
9657
9658
9659
9660
9661
9662
9672
9673
9674
9675
9676
9677
9678
9679
9680
9681
9682
9692
9693
9694
9695
9696
9697
9698
9699
9700
9701
9702
9712
9713
9714
9715
9716
9717
9718
9719
9720
9721
9722
9732
9733
9734
9735
9736
9737
9738
9739
9740
9741
9742
9752
9753
9754
9755
9756
9757
9758
9759
9760
9761
9762
9772
9773
9774
9775
9776
9777
9778
9779
9780
9781
9782
9792
9793
9794
9795
9796
9797
9798
9799
9800
9801
9802
9812
9813
9814
9815
9816
9817
9818
9819
9820
9821
9822
9832
9833
9834
9835
9836
9837
9838
9839
9840
9841
9842
9852
9853
9854
9855
9856
9857
9858
9859
9860
9861
9862
9872
9873
9874
9875
9876
9877
9878
9879
9880
9881
9882
9892
9893
9894
9895
9896
9897
9898
9899
9900
9901
9902
9912
9913
9914
9915
9916
9917
9918
9919
9920
9921
9922
9932
9933
9934
9935
9936
9937
9938
9939
9940
9941
9942
9952
9953
9954
9955
9956
9957
9958
9959
9960
9961
9962
9972
9973
9974
9975
9976
9977
9978
9979
9980
9981
9982
9992
9993
9994
9995
9996
9997
9998
9999
10000
10001
10002
10012
10013
10014
10015
10016
10017
10018
10019
10020
10021
10022
10032
10033
10034
10035
10036
10037
10038
10039
10040
10041
10042
10052
10053
10054
10055
10056
10057
10058
10059
10060
10061
10062
10072
10073
10074
10075
10076
10077
10078
10079
10080
10081
10082
10092
10093
10094
10095
10096
10097
10098
10099
10100
10101
10102
10112
10113
10114
10115
10116
10117
10118
10119
10120
10121
10122
10132
10133
10134
10135
10136
10137
10138
10139
10140
10141
10142
10152
10153
10154
10155
10156
10157
10158
10159
10160
10161
10162
10172
10173
10174
10175
10176
10177
10178
10179
10180
10181
10182
10192
10193
10194
10195
10196
10197
10198
10199
10200
10201
10202
10212
10213
10214
10215
10216
10217
10218
10219
10220
10221
10222
10232
10233
10234
10235
10236
10237
10238
10239
10240
10241
10242
10252
10253
10254
10255
10256
10257
10258
10259
10260
10261
10262
10272
10273
10274
10275
10276
10277
10278
10279
10280
10281
10282
10292
10293
10294
10295
10296
10297
10298
10299
10300
10301
10302
10312
10313
10314
10315
10316
10317
10318
10319
10320
10321
10322
)


// ************************************************************************* //
