/*--------------------------------*- C++ -*----------------------------------*\
| =========                 |                                                 |
| \\      /  F ield         | OpenFOAM: The Open Source CFD Toolbox           |
|  \\    /   O peration     | Version:  2.3.x                                 |
|   \\  /    A nd           | Web:      www.OpenFOAM.org                      |
|    \\/     M anipulation  |                                                 |
\*---------------------------------------------------------------------------*/
FoamFile
{
    version     2.0;
    format      ascii;
    class       labelList;
    note        "nPoints:6978  nCells:5158  nFaces:17262  nInternalFaces:14988";
    location    "constant/FLUID1/polyMesh";
    object      neighbour;
}
// * * * * * * * * * * * * * * * * * * * * * * * * * * * * * * * * * * * * * //


14988
(
1
4
16
2
5
17
3
6
18
7
19
64
5
8
20
6
9
21
7
10
22
11
23
74
9
12
24
10
13
25
11
14
26
15
27
84
13
28
288
14
29
289
15
30
290
31
94
291
17
20
32
18
21
33
19
22
34
23
35
104
21
24
36
22
25
37
23
26
38
27
39
114
25
28
40
26
29
41
27
30
42
31
43
124
29
44
308
30
45
309
31
46
310
47
134
311
33
36
48
34
37
49
35
38
50
39
51
144
37
40
52
38
41
53
39
42
54
43
55
154
41
44
56
42
45
57
43
46
58
47
59
164
45
60
328
46
61
329
47
62
330
63
174
331
4542
4543
4544
49
52
936
50
53
937
51
54
938
55
184
939
53
56
940
54
57
941
55
58
942
59
194
943
57
60
944
58
61
945
59
62
946
63
204
947
4542
4545
4546
61
348
948
62
349
949
63
350
950
4543
4545
4547
4542
4543
4545
65
74
104
66
75
105
67
76
106
68
77
107
69
78
108
70
79
109
71
80
110
72
81
111
73
82
112
83
113
224
75
84
114
76
85
115
77
86
116
78
87
117
79
88
118
80
89
119
81
90
120
82
91
121
83
92
122
93
123
228
85
94
124
86
95
125
87
96
126
88
97
127
89
98
128
90
99
129
91
100
130
92
101
131
93
102
132
103
133
232
95
134
368
96
135
369
97
136
370
98
137
371
99
138
372
100
139
373
101
140
374
102
141
375
103
142
376
143
236
377
105
114
144
106
115
145
107
116
146
108
117
147
109
118
148
110
119
149
111
120
150
112
121
151
113
122
152
123
153
240
115
124
154
116
125
155
117
126
156
118
127
157
119
128
158
120
129
159
121
130
160
122
131
161
123
132
162
133
163
244
125
134
164
126
135
165
127
136
166
128
137
167
129
138
168
130
139
169
131
140
170
132
141
171
133
142
172
143
173
248
135
174
418
136
175
419
137
176
420
138
177
421
139
178
422
140
179
423
141
180
424
142
181
425
143
182
426
183
252
427
145
154
184
146
155
185
147
156
186
148
157
187
149
158
188
150
159
189
151
160
190
152
161
191
153
162
192
163
193
256
155
164
194
156
165
195
157
166
196
158
167
197
159
168
198
160
169
199
161
170
200
162
171
201
163
172
202
173
203
260
165
174
204
166
175
205
167
176
206
168
177
207
169
178
208
170
179
209
171
180
210
172
181
211
173
182
212
183
213
264
175
214
468
4549
4552
4553
176
215
469
4556
4557
4558
177
216
470
4563
4564
4565
178
217
471
4570
4571
4572
179
218
472
4577
4578
4579
180
219
473
4584
4585
4586
181
220
474
4591
4592
4593
182
221
475
4598
4599
4600
183
222
476
4605
4606
4607
223
268
477
4612
4613
4614
185
194
1016
186
195
1017
187
196
1018
188
197
1019
189
198
1020
190
199
1021
191
200
1022
192
201
1023
193
202
1024
203
272
1025
195
204
1026
196
205
1027
197
206
1028
198
207
1029
199
208
1030
200
209
1031
201
210
1032
202
211
1033
203
212
1034
213
276
1035
205
214
1036
4550
4552
4554
206
215
1037
4556
4559
4560
207
216
1038
4563
4566
4567
208
217
1039
4570
4573
4574
209
218
1040
4577
4580
4581
210
219
1041
4584
4587
4588
211
220
1042
4591
4594
4595
212
221
1043
4598
4601
4602
213
222
1044
4605
4608
4609
223
280
1045
4612
4615
4616
4542
4549
4550
4552
4552
4556
4557
4559
4556
4563
4564
4566
4563
4570
4571
4573
4570
4577
4578
4580
4577
4584
4585
4587
4584
4591
4592
4594
4591
4598
4599
4601
4598
4605
4606
4608
4605
4612
4613
4615
225
228
240
226
229
241
227
230
242
231
243
229
232
244
230
233
245
231
234
246
235
247
233
236
248
234
237
249
235
238
250
239
251
237
252
568
238
253
569
239
254
570
255
571
241
244
256
242
245
257
243
246
258
247
259
245
248
260
246
249
261
247
250
262
251
263
249
252
264
250
253
265
251
254
266
255
267
253
268
588
254
269
589
255
270
590
271
591
257
260
272
258
261
273
259
262
274
263
275
261
264
276
262
265
277
263
266
278
267
279
265
268
280
266
269
281
267
270
282
271
283
269
284
608
4619
4622
4623
270
285
609
271
286
610
287
611
273
276
1216
274
277
1217
275
278
1218
279
1219
277
280
1220
278
281
1221
279
282
1222
283
1223
281
284
1224
4620
4622
4624
282
285
1225
283
286
1226
287
1227
4612
4619
4620
4622
286
629
1229
4622
4623
4624
4625
287
630
1230
631
1231
289
292
308
290
293
309
291
294
310
295
311
368
293
296
312
294
297
313
295
298
314
299
315
378
297
300
316
298
301
317
299
302
318
303
319
388
301
304
320
302
305
321
303
306
322
307
323
398
305
324
648
306
325
649
307
326
650
327
408
651
309
312
328
310
313
329
311
314
330
315
331
418
313
316
332
314
317
333
315
318
334
319
335
428
317
320
336
318
321
337
319
322
338
323
339
438
321
324
340
322
325
341
323
326
342
327
343
448
325
344
664
326
345
665
327
346
666
347
458
667
329
332
348
330
333
349
331
334
350
335
351
468
4626
4629
4630
333
336
352
334
337
353
335
338
354
339
355
478
4633
4634
4635
337
340
356
338
341
357
339
342
358
343
359
488
4640
4641
4642
341
344
360
342
345
361
343
346
362
347
363
498
4647
4648
4649
345
364
680
346
365
681
347
366
682
367
508
683
4654
4655
4656
349
352
1296
350
353
1297
351
354
1298
4627
4629
4631
4543
4626
4627
4629
353
356
1300
354
357
1301
355
358
1302
4634
4636
4638
4629
4633
4634
4636
357
360
1304
358
361
1305
359
362
1306
4641
4643
4645
4634
4640
4641
4643
361
364
1308
362
365
1309
363
366
1310
4648
4650
4652
4641
4647
4648
4650
365
696
1312
366
697
1313
367
698
1314
4655
4657
4659
4648
4654
4655
4657
369
378
418
370
379
419
371
380
420
372
381
421
373
382
422
374
383
423
375
384
424
376
385
425
377
386
426
387
427
568
379
388
428
380
389
429
381
390
430
382
391
431
383
392
432
384
393
433
385
394
434
386
395
435
387
396
436
397
437
572
389
398
438
390
399
439
391
400
440
392
401
441
393
402
442
394
403
443
395
404
444
396
405
445
397
406
446
407
447
576
399
408
448
400
409
449
401
410
450
402
411
451
403
412
452
404
413
453
405
414
454
406
415
455
407
416
456
417
457
580
409
458
712
410
459
713
411
460
714
412
461
715
413
462
716
414
463
717
415
464
718
416
465
719
417
466
720
467
584
721
419
428
468
420
429
469
421
430
470
422
431
471
423
432
472
424
433
473
425
434
474
426
435
475
427
436
476
437
477
588
429
438
478
430
439
479
431
440
480
432
441
481
433
442
482
434
443
483
435
444
484
436
445
485
437
446
486
447
487
592
439
448
488
440
449
489
441
450
490
442
451
491
443
452
492
444
453
493
445
454
494
446
455
495
447
456
496
457
497
596
449
458
498
450
459
499
451
460
500
452
461
501
453
462
502
454
463
503
455
464
504
456
465
505
457
466
506
467
507
600
459
508
752
460
509
753
461
510
754
462
511
755
463
512
756
464
513
757
465
514
758
466
515
759
467
516
760
517
604
761
469
478
518
2793
2795
2797
470
479
519
2799
2802
2803
471
480
520
2806
2809
2810
472
481
521
2813
2816
2817
473
482
522
2820
2823
2824
474
483
523
2827
2830
2831
475
484
524
2834
2837
2838
476
485
525
2841
2844
2845
477
486
526
2848
2851
2852
487
527
608
2855
2858
2859
479
488
528
2862
2865
2866
480
489
529
2869
2870
2871
481
490
530
2876
2877
2878
482
491
531
2883
2884
2885
483
492
532
2890
2891
2892
484
493
533
2897
2898
2899
485
494
534
2904
2905
2906
486
495
535
2911
2912
2913
487
496
536
2918
2919
2920
497
537
612
2925
2926
2927
489
498
538
2932
2935
2936
490
499
539
2939
2940
2941
491
500
540
2946
2947
2948
492
501
541
2953
2954
2955
493
502
542
2960
2961
2962
494
503
543
2967
2968
2969
495
504
544
2974
2975
2976
496
505
545
2981
2982
2983
497
506
546
2988
2989
2990
507
547
616
2995
2996
2997
499
508
548
3002
3005
3006
500
509
549
3009
3010
3011
501
510
550
3016
3017
3018
502
511
551
3023
3024
3025
503
512
552
3030
3031
3032
504
513
553
3037
3038
3039
505
514
554
3044
3045
3046
506
515
555
3051
3052
3053
507
516
556
3058
3059
3060
517
557
620
3065
3066
3067
509
558
792
3072
3075
3076
510
559
793
3079
3080
3081
511
560
794
3086
3087
3088
512
561
795
3093
3094
3095
513
562
796
3100
3101
3102
514
563
797
3107
3108
3109
515
564
798
3114
3115
3116
516
565
799
3121
3122
3123
517
566
800
3128
3129
3130
567
624
801
3135
3136
3137
2792
2793
2795
4549
4626
2793
2799
2800
2802
4557
2799
2806
2807
2809
4564
2806
2813
2814
2816
4571
2813
2820
2821
2823
4578
2820
2827
2828
2830
4585
2827
2834
2835
2837
4592
2834
2841
2842
2844
4599
2841
2848
2849
2851
4606
2848
2855
2856
2858
4613
2795
2862
2863
2865
4633
2802
2865
2869
2870
2872
2809
2869
2876
2877
2879
2816
2876
2883
2884
2886
2823
2883
2890
2891
2893
2830
2890
2897
2898
2900
2837
2897
2904
2905
2907
2844
2904
2911
2912
2914
2851
2911
2918
2919
2921
2858
2918
2925
2926
2928
2862
2932
2933
2935
4640
2870
2935
2939
2940
2942
2877
2939
2946
2947
2949
2884
2946
2953
2954
2956
2891
2953
2960
2961
2963
2898
2960
2967
2968
2970
2905
2967
2974
2975
2977
2912
2974
2981
2982
2984
2919
2981
2988
2989
2991
2926
2988
2995
2996
2998
2932
3002
3003
3005
4647
2940
3005
3009
3010
3012
2947
3009
3016
3017
3019
2954
3016
3023
3024
3026
2961
3023
3030
3031
3033
2968
3030
3037
3038
3040
2975
3037
3044
3045
3047
2982
3044
3051
3052
3054
2989
3051
3058
3059
3061
2996
3058
3065
3066
3068
3002
3072
3073
3075
4654
3010
3075
3079
3080
3082
3017
3079
3086
3087
3089
3024
3086
3093
3094
3096
3031
3093
3100
3101
3103
3038
3100
3107
3108
3110
3045
3107
3114
3115
3117
3052
3114
3121
3122
3124
3059
3121
3128
3129
3131
3066
3128
3135
3136
3138
569
572
588
570
573
589
571
574
590
575
591
573
576
592
574
577
593
575
578
594
579
595
577
580
596
578
581
597
579
582
598
583
599
581
584
600
582
585
601
583
586
602
587
603
585
604
872
586
605
873
587
606
874
607
875
589
592
608
590
593
609
591
594
610
595
611
593
596
612
594
597
613
595
598
614
599
615
597
600
616
598
601
617
599
602
618
603
619
601
604
620
602
605
621
603
606
622
607
623
605
624
888
606
625
889
607
626
890
627
891
609
612
628
4662
4664
4666
610
613
629
611
614
630
615
631
613
616
632
4668
4671
4672
614
617
633
615
618
634
619
635
617
620
636
4675
4678
4679
618
621
637
619
622
638
623
639
621
624
640
4682
4685
4686
622
625
641
623
626
642
627
643
625
644
904
4689
4692
4693
626
645
905
627
646
906
647
907
2855
4619
4661
4662
4664
630
633
1397
4662
4663
4666
4667
631
634
1398
635
1399
2925
4664
4668
4669
4671
634
637
1401
4671
4672
4673
4674
635
638
1402
639
1403
2995
4668
4675
4676
4678
638
641
1405
4678
4679
4680
4681
639
642
1406
643
1407
3065
4675
4682
4683
4685
642
645
1409
4685
4686
4687
4688
643
646
1410
647
1411
3135
4682
4689
4690
4692
646
921
1413
4692
4693
4694
4695
647
922
1414
923
1415
649
652
664
650
653
665
651
654
666
655
667
712
653
656
668
654
657
669
655
658
670
659
671
722
657
660
672
658
661
673
659
662
674
663
675
732
661
676
662
677
663
678
679
742
665
668
680
666
669
681
667
670
682
671
683
752
669
672
684
670
673
685
671
674
686
675
687
762
673
676
688
674
677
689
675
678
690
679
691
772
677
692
678
693
679
694
695
782
681
684
696
682
685
697
683
686
698
687
699
792
4696
4699
4700
685
688
700
686
689
701
687
690
702
691
703
802
689
692
704
690
693
705
691
694
706
695
707
812
693
708
694
709
695
710
711
822
697
700
1496
698
701
1497
699
702
1498
4697
4699
4701
4655
4696
4697
4699
701
704
1500
702
705
1501
703
706
1502
707
842
1503
4699
4700
4701
4702
705
708
1504
706
709
1505
707
710
1506
711
852
1507
709
1508
710
1509
711
1510
862
1511
713
722
752
714
723
753
715
724
754
716
725
755
717
726
756
718
727
757
719
728
758
720
729
759
721
730
760
731
761
872
723
732
762
724
733
763
725
734
764
726
735
765
727
736
766
728
737
767
729
738
768
730
739
769
731
740
770
741
771
876
733
742
772
734
743
773
735
744
774
736
745
775
737
746
776
738
747
777
739
748
778
740
749
779
741
750
780
751
781
880
743
782
744
783
745
784
746
785
747
786
748
787
749
788
750
789
751
790
791
884
753
762
792
754
763
793
755
764
794
756
765
795
757
766
796
758
767
797
759
768
798
760
769
799
761
770
800
771
801
888
763
772
802
764
773
803
765
774
804
766
775
805
767
776
806
768
777
807
769
778
808
770
779
809
771
780
810
781
811
892
773
782
812
774
783
813
775
784
814
776
785
815
777
786
816
778
787
817
779
788
818
780
789
819
781
790
820
791
821
896
783
822
784
823
785
824
786
825
787
826
788
827
789
828
790
829
791
830
831
900
793
802
832
4704
4706
4708
794
803
833
4710
4713
4714
795
804
834
4717
4720
4721
796
805
835
4724
4727
4728
797
806
836
4731
4734
4735
798
807
837
4738
4741
4742
799
808
838
4745
4748
4749
800
809
839
4752
4755
4756
801
810
840
4759
4762
4763
811
841
904
4766
4769
4770
803
812
842
804
813
843
805
814
844
806
815
845
807
816
846
808
817
847
809
818
848
810
819
849
811
820
850
821
851
908
813
822
852
814
823
853
815
824
854
816
825
855
817
826
856
818
827
857
819
828
858
820
829
859
821
830
860
831
861
912
823
862
824
863
825
864
826
865
827
866
828
867
829
868
830
869
831
870
871
916
3072
4696
4703
4704
4706
3080
4704
4710
4711
4713
3087
4710
4717
4718
4720
3094
4717
4724
4725
4727
3101
4724
4731
4732
4734
3108
4731
4738
4739
4741
3115
4738
4745
4746
4748
3122
4745
4752
4753
4755
3129
4752
4759
4760
4762
3136
4759
4766
4767
4769
843
852
1586
4706
4707
4708
4709
844
853
1587
4713
4714
4715
4716
845
854
1588
4720
4721
4722
4723
846
855
1589
4727
4728
4729
4730
847
856
1590
4734
4735
4736
4737
848
857
1591
4741
4742
4743
4744
849
858
1592
4748
4749
4750
4751
850
859
1593
4755
4756
4757
4758
851
860
1594
4762
4763
4764
4765
861
924
1595
4769
4770
4771
4772
853
862
1596
854
863
1597
855
864
1598
856
865
1599
857
866
1600
858
867
1601
859
868
1602
860
869
1603
861
870
1604
871
928
1605
863
1606
864
1607
865
1608
866
1609
867
1610
868
1611
869
1612
870
1613
871
1614
932
1615
873
876
888
874
877
889
875
878
890
879
891
877
880
892
878
881
893
879
882
894
883
895
881
884
896
882
885
897
883
886
898
887
899
885
900
886
901
887
902
903
889
892
904
890
893
905
891
894
906
895
907
893
896
908
894
897
909
895
898
910
899
911
897
900
912
898
901
913
899
902
914
903
915
901
916
902
917
903
918
919
905
908
920
4774
4776
4778
906
909
921
907
910
922
911
923
909
912
924
910
913
925
911
914
926
915
927
913
916
928
914
917
929
915
918
930
919
931
917
932
918
933
919
934
935
4689
4766
4773
4774
4776
922
925
1777
4774
4775
4778
4779
923
926
1778
927
1779
925
928
1780
4776
4777
4778
4779
926
929
1781
927
930
1782
931
1783
929
932
1784
930
933
1785
931
934
1786
935
1787
933
1788
934
1789
935
1790
1791
937
940
952
938
941
953
939
942
954
943
955
1016
941
944
956
942
945
957
943
946
958
947
959
1026
945
948
960
946
949
961
947
950
962
951
963
1036
4780
4783
4784
949
964
1296
950
965
1297
951
966
1298
4781
4783
4785
4545
4780
4781
4783
953
956
968
954
957
969
955
958
970
959
971
1056
957
960
972
958
961
973
959
962
974
963
975
1066
961
964
976
962
965
977
963
966
978
967
979
1076
4787
4790
4791
965
980
1316
966
981
1317
967
982
1318
4788
4790
4792
4783
4787
4788
4790
969
972
984
970
973
985
971
974
986
975
987
1096
973
976
988
974
977
989
975
978
990
979
991
1106
977
980
992
978
981
993
979
982
994
983
995
1116
4794
4797
4798
981
996
1336
982
997
1337
983
998
1338
4795
4797
4799
4790
4794
4795
4797
985
988
1000
986
989
1001
987
990
1002
991
1003
1136
989
992
1004
990
993
1005
991
994
1006
995
1007
1146
993
996
1008
994
997
1009
995
998
1010
999
1011
1156
4801
4804
4805
997
1012
1356
998
1013
1357
999
1014
1358
4802
4804
4806
4797
4801
4802
4804
1001
1004
1856
1002
1005
1857
1003
1006
1858
1007
1176
1859
1005
1008
1860
1006
1009
1861
1007
1010
1862
1011
1186
1863
1009
1012
1864
1010
1013
1865
1011
1014
1866
1015
1196
1867
4808
4811
4812
1013
1376
1868
1014
1377
1869
1015
1378
1870
4809
4811
4813
4804
4808
4809
4811
1017
1026
1056
1018
1027
1057
1019
1028
1058
1020
1029
1059
1021
1030
1060
1022
1031
1061
1023
1032
1062
1024
1033
1063
1025
1034
1064
1035
1065
1216
1027
1036
1066
1028
1037
1067
1029
1038
1068
1030
1039
1069
1031
1040
1070
1032
1041
1071
1033
1042
1072
1034
1043
1073
1035
1044
1074
1045
1075
1220
1037
1046
1076
3143
3145
3147
1038
1047
1077
3149
3152
3153
1039
1048
1078
3156
3159
3160
1040
1049
1079
3163
3166
3167
1041
1050
1080
3170
3173
3174
1042
1051
1081
3177
3180
3181
1043
1052
1082
3184
3187
3188
1044
1053
1083
3191
3194
3195
1045
1054
1084
3198
3201
3202
1055
1085
1224
3205
3208
3209
3142
3143
3145
4550
4780
3143
3149
3150
3152
4559
3149
3156
3157
3159
4566
3156
3163
3164
3166
4573
3163
3170
3171
3173
4580
3170
3177
3178
3180
4587
3177
3184
3185
3187
4594
3184
3191
3192
3194
4601
3191
3198
3199
3201
4608
3198
3205
3206
3208
4615
1057
1066
1096
1058
1067
1097
1059
1068
1098
1060
1069
1099
1061
1070
1100
1062
1071
1101
1063
1072
1102
1064
1073
1103
1065
1074
1104
1075
1105
1232
1067
1076
1106
1068
1077
1107
1069
1078
1108
1070
1079
1109
1071
1080
1110
1072
1081
1111
1073
1082
1112
1074
1083
1113
1075
1084
1114
1085
1115
1236
1077
1086
1116
3213
3215
3217
1078
1087
1117
3219
3222
3223
1079
1088
1118
3226
3229
3230
1080
1089
1119
3233
3236
3237
1081
1090
1120
3240
3243
3244
1082
1091
1121
3247
3250
3251
1083
1092
1122
3254
3257
3258
1084
1093
1123
3261
3264
3265
1085
1094
1124
3268
3271
3272
1095
1125
1240
3275
3278
3279
3145
3212
3213
3215
4787
3152
3215
3219
3220
3222
3159
3219
3226
3227
3229
3166
3226
3233
3234
3236
3173
3233
3240
3241
3243
3180
3240
3247
3248
3250
3187
3247
3254
3255
3257
3194
3254
3261
3262
3264
3201
3261
3268
3269
3271
3208
3268
3275
3276
3278
1097
1106
1136
1098
1107
1137
1099
1108
1138
1100
1109
1139
1101
1110
1140
1102
1111
1141
1103
1112
1142
1104
1113
1143
1105
1114
1144
1115
1145
1248
1107
1116
1146
1108
1117
1147
1109
1118
1148
1110
1119
1149
1111
1120
1150
1112
1121
1151
1113
1122
1152
1114
1123
1153
1115
1124
1154
1125
1155
1252
1117
1126
1156
3283
3285
3287
1118
1127
1157
3289
3292
3293
1119
1128
1158
3296
3299
3300
1120
1129
1159
3303
3306
3307
1121
1130
1160
3310
3313
3314
1122
1131
1161
3317
3320
3321
1123
1132
1162
3324
3327
3328
1124
1133
1163
3331
3334
3335
1125
1134
1164
3338
3341
3342
1135
1165
1256
3345
3348
3349
3213
3282
3283
3285
4794
3222
3285
3289
3290
3292
3229
3289
3296
3297
3299
3236
3296
3303
3304
3306
3243
3303
3310
3311
3313
3250
3310
3317
3318
3320
3257
3317
3324
3325
3327
3264
3324
3331
3332
3334
3271
3331
3338
3339
3341
3278
3338
3345
3346
3348
1137
1146
1176
1138
1147
1177
1139
1148
1178
1140
1149
1179
1141
1150
1180
1142
1151
1181
1143
1152
1182
1144
1153
1183
1145
1154
1184
1155
1185
1264
1147
1156
1186
1148
1157
1187
1149
1158
1188
1150
1159
1189
1151
1160
1190
1152
1161
1191
1153
1162
1192
1154
1163
1193
1155
1164
1194
1165
1195
1268
1157
1166
1196
3353
3355
3357
1158
1167
1197
3359
3362
3363
1159
1168
1198
3366
3369
3370
1160
1169
1199
3373
3376
3377
1161
1170
1200
3380
3383
3384
1162
1171
1201
3387
3390
3391
1163
1172
1202
3394
3397
3398
1164
1173
1203
3401
3404
3405
1165
1174
1204
3408
3411
3412
1175
1205
1272
3415
3418
3419
3283
3352
3353
3355
4801
3292
3355
3359
3360
3362
3299
3359
3366
3367
3369
3306
3366
3373
3374
3376
3313
3373
3380
3381
3383
3320
3380
3387
3388
3390
3327
3387
3394
3395
3397
3334
3394
3401
3402
3404
3341
3401
3408
3409
3411
3348
3408
3415
3416
3418
1177
1186
1920
1178
1187
1921
1179
1188
1922
1180
1189
1923
1181
1190
1924
1182
1191
1925
1183
1192
1926
1184
1193
1927
1185
1194
1928
1195
1280
1929
1187
1196
1930
1188
1197
1931
1189
1198
1932
1190
1199
1933
1191
1200
1934
1192
1201
1935
1193
1202
1936
1194
1203
1937
1195
1204
1938
1205
1284
1939
1197
1206
1940
3423
3425
3427
1198
1207
1941
3429
3432
3433
1199
1208
1942
3436
3439
3440
1200
1209
1943
3443
3446
3447
1201
1210
1944
3450
3453
3454
1202
1211
1945
3457
3460
3461
1203
1212
1946
3464
3467
3468
1204
1213
1947
3471
3474
3475
1205
1214
1948
3478
3481
3482
1215
1288
1949
3485
3488
3489
3353
3422
3423
3425
4808
3362
3425
3429
3430
3432
3369
3429
3436
3437
3439
3376
3436
3443
3444
3446
3383
3443
3450
3451
3453
3390
3450
3457
3458
3460
3397
3457
3464
3465
3467
3404
3464
3471
3472
3474
3411
3471
3478
3479
3481
3418
3478
3485
3486
3488
1217
1220
1232
1218
1221
1233
1219
1222
1234
1223
1235
1221
1224
1236
1222
1225
1237
1223
1226
1238
1227
1239
1225
1228
1240
4816
4818
4820
1226
1229
1241
1227
1230
1242
1231
1243
3205
4620
4815
4816
4818
1230
1245
1397
4816
4817
4820
4821
1231
1246
1398
1247
1399
1233
1236
1248
1234
1237
1249
1235
1238
1250
1239
1251
1237
1240
1252
1238
1241
1253
1239
1242
1254
1243
1255
1241
1244
1256
4823
4825
4827
1242
1245
1257
1243
1246
1258
1247
1259
3275
4818
4822
4823
4825
1246
1261
1417
4825
4826
4827
4828
1247
1262
1418
1263
1419
1249
1252
1264
1250
1253
1265
1251
1254
1266
1255
1267
1253
1256
1268
1254
1257
1269
1255
1258
1270
1259
1271
1257
1260
1272
4830
4832
4834
1258
1261
1273
1259
1262
1274
1263
1275
3345
4823
4829
4830
4832
1262
1277
1437
4832
4833
4834
4835
1263
1278
1438
1279
1439
1265
1268
1280
1266
1269
1281
1267
1270
1282
1271
1283
1269
1272
1284
1270
1273
1285
1271
1274
1286
1275
1287
1273
1276
1288
4837
4839
4841
1274
1277
1289
1275
1278
1290
1279
1291
3415
4830
4836
4837
4839
1278
1293
1457
4839
4840
4841
4842
1279
1294
1458
1295
1459
1281
1284
2080
1282
1285
2081
1283
1286
2082
1287
2083
1285
1288
2084
1286
1289
2085
1287
1290
2086
1291
2087
1289
1292
2088
4844
4846
4848
1290
1293
2089
1291
1294
2090
1295
2091
3485
4837
4843
4844
4846
1294
1477
2093
4846
4847
4848
4849
1295
1478
2094
1479
2095
1297
1300
1316
1298
1301
1317
1299
1302
1318
3493
3495
3497
3492
3493
3495
4627
4781
1301
1304
1320
1302
1305
1321
1303
1306
1322
3500
3502
3504
3493
3499
3500
3502
4636
1305
1308
1324
1306
1309
1325
1307
1310
1326
3507
3509
3511
3500
3506
3507
3509
4643
1309
1312
1328
1310
1313
1329
1311
1314
1330
3514
3516
3518
3507
3513
3514
3516
4650
1313
1332
1496
1314
1333
1497
1315
1334
1498
3521
3523
3525
3514
3520
3521
3523
4657
1317
1320
1336
1318
1321
1337
1319
1322
1338
3528
3530
3532
3495
3527
3528
3530
4788
1321
1324
1340
1322
1325
1341
1323
1326
1342
3535
3537
3539
3502
3530
3534
3535
3537
1325
1328
1344
1326
1329
1345
1327
1330
1346
3542
3544
3546
3509
3535
3541
3542
3544
1329
1332
1348
1330
1333
1349
1331
1334
1350
3549
3551
3553
3516
3542
3548
3549
3551
1333
1352
1512
1334
1353
1513
1335
1354
1514
3556
3558
3560
3523
3549
3555
3556
3558
1337
1340
1356
1338
1341
1357
1339
1342
1358
3563
3565
3567
3528
3562
3563
3565
4795
1341
1344
1360
1342
1345
1361
1343
1346
1362
3570
3572
3574
3537
3565
3569
3570
3572
1345
1348
1364
1346
1349
1365
1347
1350
1366
3577
3579
3581
3544
3570
3576
3577
3579
1349
1352
1368
1350
1353
1369
1351
1354
1370
3584
3586
3588
3551
3577
3583
3584
3586
1353
1372
1528
1354
1373
1529
1355
1374
1530
3591
3593
3595
3558
3584
3590
3591
3593
1357
1360
1376
1358
1361
1377
1359
1362
1378
3598
3600
3602
3563
3597
3598
3600
4802
1361
1364
1380
1362
1365
1381
1363
1366
1382
3605
3607
3609
3572
3600
3604
3605
3607
1365
1368
1384
1366
1369
1385
1367
1370
1386
3612
3614
3616
3579
3605
3611
3612
3614
1369
1372
1388
1370
1373
1389
1371
1374
1390
3619
3621
3623
3586
3612
3618
3619
3621
1373
1392
1544
1374
1393
1545
1375
1394
1546
3626
3628
3630
3593
3619
3625
3626
3628
1377
1380
2144
1378
1381
2145
1379
1382
2146
3633
3635
3637
3598
3632
3633
3635
4809
1381
1384
2148
1382
1385
2149
1383
1386
2150
3640
3642
3644
3607
3635
3639
3640
3642
1385
1388
2152
1386
1389
2153
1387
1390
2154
3647
3649
3651
3614
3640
3646
3647
3649
1389
1392
2156
1390
1393
2157
1391
1394
2158
3654
3656
3658
3621
3647
3653
3654
3656
1393
1560
2160
1394
1561
2161
1395
1562
2162
3661
3663
3665
3628
3654
3660
3661
3663
3667
3668
3670
4661
4815
1398
1401
1417
3667
3669
3671
3673
1399
1402
1418
1403
1419
3668
3674
3675
3677
4669
1402
1405
1421
3675
3676
3679
3680
1403
1406
1422
1407
1423
3674
3681
3682
3684
4676
1406
1409
1425
3682
3683
3686
3687
1407
1410
1426
1411
1427
3681
3688
3689
3691
4683
1410
1413
1429
3689
3690
3693
3694
1411
1414
1430
1415
1431
3688
3695
3696
3698
4690
1414
1433
1777
3696
3697
3700
3701
1415
1434
1778
1435
1779
3670
3702
3703
3705
4822
1418
1421
1437
3703
3704
3707
3708
1419
1422
1438
1423
1439
3677
3705
3709
3710
3712
1422
1425
1441
3712
3713
3714
3715
1423
1426
1442
1427
1443
3684
3709
3716
3717
3719
1426
1429
1445
3719
3720
3721
3722
1427
1430
1446
1431
1447
3691
3716
3723
3724
3726
1430
1433
1449
3726
3727
3728
3729
1431
1434
1450
1435
1451
3698
3723
3730
3731
3733
1434
1453
1793
3733
3734
3735
3736
1435
1454
1794
1455
1795
3702
3737
3738
3740
4829
1438
1441
1457
3738
3739
3742
3743
1439
1442
1458
1443
1459
3710
3740
3744
3745
3747
1442
1445
1461
3747
3748
3749
3750
1443
1446
1462
1447
1463
3717
3744
3751
3752
3754
1446
1449
1465
3754
3755
3756
3757
1447
1450
1466
1451
1467
3724
3751
3758
3759
3761
1450
1453
1469
3761
3762
3763
3764
1451
1454
1470
1455
1471
3731
3758
3765
3766
3768
1454
1473
1809
3768
3769
3770
3771
1455
1474
1810
1475
1811
3737
3772
3773
3775
4836
1458
1461
1477
3773
3774
3777
3778
1459
1462
1478
1463
1479
3745
3775
3779
3780
3782
1462
1465
1481
3782
3783
3784
3785
1463
1466
1482
1467
1483
3752
3779
3786
3787
3789
1466
1469
1485
3789
3790
3791
3792
1467
1470
1486
1471
1487
3759
3786
3793
3794
3796
1470
1473
1489
3796
3797
3798
3799
1471
1474
1490
1475
1491
3766
3793
3800
3801
3803
1474
1493
1825
3803
3804
3805
3806
1475
1494
1826
1495
1827
3772
3807
3808
3810
4843
1478
1481
2425
3808
3809
3812
3813
1479
1482
2426
1483
2427
3780
3810
3814
3815
3817
1482
1485
2429
3817
3818
3819
3820
1483
1486
2430
1487
2431
3787
3814
3821
3822
3824
1486
1489
2433
3824
3825
3826
3827
1487
1490
2434
1491
2435
3794
3821
3828
3829
3831
1490
1493
2437
3831
3832
3833
3834
1491
1494
2438
1495
2439
3801
3828
3835
3836
3838
1494
1841
2441
3838
3839
3840
3841
1495
1842
2442
1843
2443
1497
1500
1512
1498
1501
1513
1499
1502
1514
4851
4853
4855
3521
4697
4850
4851
4853
1501
1504
1516
1502
1505
1517
1503
1506
1518
1507
1519
1586
4851
4852
4855
4856
1505
1508
1520
1506
1509
1521
1507
1510
1522
1511
1523
1596
1509
1524
1510
1525
1511
1526
1527
1606
1513
1516
1528
1514
1517
1529
1515
1518
1530
4858
4860
4862
3556
4853
4857
4858
4860
1517
1520
1532
1518
1521
1533
1519
1522
1534
1523
1535
1626
4860
4861
4862
4863
1521
1524
1536
1522
1525
1537
1523
1526
1538
1527
1539
1636
1525
1540
1526
1541
1527
1542
1543
1646
1529
1532
1544
1530
1533
1545
1531
1534
1546
4865
4867
4869
3591
4858
4864
4865
4867
1533
1536
1548
1534
1537
1549
1535
1538
1550
1539
1551
1666
4867
4868
4869
4870
1537
1540
1552
1538
1541
1553
1539
1542
1554
1543
1555
1676
1541
1556
1542
1557
1543
1558
1559
1686
1545
1548
1560
1546
1549
1561
1547
1550
1562
4872
4874
4876
3626
4865
4871
4872
4874
1549
1552
1564
1550
1553
1565
1551
1554
1566
1555
1567
1706
4874
4875
4876
4877
1553
1556
1568
1554
1557
1569
1555
1558
1570
1559
1571
1716
1557
1572
1558
1573
1559
1574
1575
1726
1561
1564
2504
1562
1565
2505
1563
1566
2506
4879
4881
4883
3661
4872
4878
4879
4881
1565
1568
2508
1566
1569
2509
1567
1570
2510
1571
1746
2511
4881
4882
4883
4884
1569
1572
2512
1570
1573
2513
1571
1574
2514
1575
1756
2515
1573
2516
1574
2517
1575
2518
1766
2519
3842
3843
3845
4703
4850
3842
3849
3850
3852
4711
3849
3856
3857
3859
4718
3856
3863
3864
3866
4725
3863
3870
3871
3873
4732
3870
3877
3878
3880
4739
3877
3884
3885
3887
4746
3884
3891
3892
3894
4753
3891
3898
3899
3901
4760
3898
3905
3906
3908
4767
1587
1596
1626
3843
3844
3847
3848
1588
1597
1627
3850
3851
3854
3855
1589
1598
1628
3857
3858
3861
3862
1590
1599
1629
3864
3865
3868
3869
1591
1600
1630
3871
3872
3875
3876
1592
1601
1631
3878
3879
3882
3883
1593
1602
1632
3885
3886
3889
3890
1594
1603
1633
3892
3893
3896
3897
1595
1604
1634
3899
3900
3903
3904
1605
1635
1780
3906
3907
3910
3911
1597
1606
1636
1598
1607
1637
1599
1608
1638
1600
1609
1639
1601
1610
1640
1602
1611
1641
1603
1612
1642
1604
1613
1643
1605
1614
1644
1615
1645
1784
1607
1646
1608
1647
1609
1648
1610
1649
1611
1650
1612
1651
1613
1652
1614
1653
1615
1654
1655
1788
3845
3912
3913
3915
4857
3852
3913
3919
3920
3922
3859
3919
3926
3927
3929
3866
3926
3933
3934
3936
3873
3933
3940
3941
3943
3880
3940
3947
3948
3950
3887
3947
3954
3955
3957
3894
3954
3961
3962
3964
3901
3961
3968
3969
3971
3908
3968
3975
3976
3978
1627
1636
1666
3915
3916
3917
3918
1628
1637
1667
3922
3923
3924
3925
1629
1638
1668
3929
3930
3931
3932
1630
1639
1669
3936
3937
3938
3939
1631
1640
1670
3943
3944
3945
3946
1632
1641
1671
3950
3951
3952
3953
1633
1642
1672
3957
3958
3959
3960
1634
1643
1673
3964
3965
3966
3967
1635
1644
1674
3971
3972
3973
3974
1645
1675
1796
3978
3979
3980
3981
1637
1646
1676
1638
1647
1677
1639
1648
1678
1640
1649
1679
1641
1650
1680
1642
1651
1681
1643
1652
1682
1644
1653
1683
1645
1654
1684
1655
1685
1800
1647
1686
1648
1687
1649
1688
1650
1689
1651
1690
1652
1691
1653
1692
1654
1693
1655
1694
1695
1804
3912
3982
3983
3985
4864
3920
3983
3989
3990
3992
3927
3989
3996
3997
3999
3934
3996
4003
4004
4006
3941
4003
4010
4011
4013
3948
4010
4017
4018
4020
3955
4017
4024
4025
4027
3962
4024
4031
4032
4034
3969
4031
4038
4039
4041
3976
4038
4045
4046
4048
1667
1676
1706
3985
3986
3987
3988
1668
1677
1707
3992
3993
3994
3995
1669
1678
1708
3999
4000
4001
4002
1670
1679
1709
4006
4007
4008
4009
1671
1680
1710
4013
4014
4015
4016
1672
1681
1711
4020
4021
4022
4023
1673
1682
1712
4027
4028
4029
4030
1674
1683
1713
4034
4035
4036
4037
1675
1684
1714
4041
4042
4043
4044
1685
1715
1812
4048
4049
4050
4051
1677
1686
1716
1678
1687
1717
1679
1688
1718
1680
1689
1719
1681
1690
1720
1682
1691
1721
1683
1692
1722
1684
1693
1723
1685
1694
1724
1695
1725
1816
1687
1726
1688
1727
1689
1728
1690
1729
1691
1730
1692
1731
1693
1732
1694
1733
1695
1734
1735
1820
3982
4052
4053
4055
4871
3990
4053
4059
4060
4062
3997
4059
4066
4067
4069
4004
4066
4073
4074
4076
4011
4073
4080
4081
4083
4018
4080
4087
4088
4090
4025
4087
4094
4095
4097
4032
4094
4101
4102
4104
4039
4101
4108
4109
4111
4046
4108
4115
4116
4118
1707
1716
1746
4055
4056
4057
4058
1708
1717
1747
4062
4063
4064
4065
1709
1718
1748
4069
4070
4071
4072
1710
1719
1749
4076
4077
4078
4079
1711
1720
1750
4083
4084
4085
4086
1712
1721
1751
4090
4091
4092
4093
1713
1722
1752
4097
4098
4099
4100
1714
1723
1753
4104
4105
4106
4107
1715
1724
1754
4111
4112
4113
4114
1725
1755
1828
4118
4119
4120
4121
1717
1726
1756
1718
1727
1757
1719
1728
1758
1720
1729
1759
1721
1730
1760
1722
1731
1761
1723
1732
1762
1724
1733
1763
1725
1734
1764
1735
1765
1832
1727
1766
1728
1767
1729
1768
1730
1769
1731
1770
1732
1771
1733
1772
1734
1773
1735
1774
1775
1836
4052
4122
4123
4125
4878
4060
4123
4129
4130
4132
4067
4129
4136
4137
4139
4074
4136
4143
4144
4146
4081
4143
4150
4151
4153
4088
4150
4157
4158
4160
4095
4157
4164
4165
4167
4102
4164
4171
4172
4174
4109
4171
4178
4179
4181
4116
4178
4185
4186
4188
1747
1756
2578
4125
4126
4127
4128
1748
1757
2579
4132
4133
4134
4135
1749
1758
2580
4139
4140
4141
4142
1750
1759
2581
4146
4147
4148
4149
1751
1760
2582
4153
4154
4155
4156
1752
1761
2583
4160
4161
4162
4163
1753
1762
2584
4167
4168
4169
4170
1754
1763
2585
4174
4175
4176
4177
1755
1764
2586
4181
4182
4183
4184
1765
1844
2587
4188
4189
4190
4191
1757
1766
2588
1758
1767
2589
1759
1768
2590
1760
1769
2591
1761
1770
2592
1762
1771
2593
1763
1772
2594
1764
1773
2595
1765
1774
2596
1775
1848
2597
1767
2598
1768
2599
1769
2600
1770
2601
1771
2602
1772
2603
1773
2604
1774
2605
1775
2606
1852
2607
3695
3905
4773
4885
4886
4888
1778
1781
1793
4885
4887
4889
4891
1779
1782
1794
1783
1795
1781
1784
1796
4886
4887
4890
4891
1782
1785
1797
1783
1786
1798
1787
1799
1785
1788
1800
1786
1789
1801
1787
1790
1802
1791
1803
1789
1804
1790
1805
1791
1806
1807
3730
3975
4888
4892
4893
4895
1794
1797
1809
4893
4894
4897
4898
1795
1798
1810
1799
1811
1797
1800
1812
4895
4896
4897
4898
1798
1801
1813
1799
1802
1814
1803
1815
1801
1804
1816
1802
1805
1817
1803
1806
1818
1807
1819
1805
1820
1806
1821
1807
1822
1823
3765
4045
4892
4899
4900
4902
1810
1813
1825
4900
4901
4904
4905
1811
1814
1826
1815
1827
1813
1816
1828
4902
4903
4904
4905
1814
1817
1829
1815
1818
1830
1819
1831
1817
1820
1832
1818
1821
1833
1819
1822
1834
1823
1835
1821
1836
1822
1837
1823
1838
1839
3800
4115
4899
4906
4907
4909
1826
1829
1841
4907
4908
4911
4912
1827
1830
1842
1831
1843
1829
1832
1844
4909
4910
4911
4912
1830
1833
1845
1831
1834
1846
1835
1847
1833
1836
1848
1834
1837
1849
1835
1838
1850
1839
1851
1837
1852
1838
1853
1839
1854
1855
3835
4185
4906
4913
4914
4916
1842
1845
2729
4914
4915
4918
4919
1843
1846
2730
1847
2731
1845
1848
2732
4916
4917
4918
4919
1846
1849
2733
1847
1850
2734
1851
2735
1849
1852
2736
1850
1853
2737
1851
1854
2738
1855
2739
1853
2740
1854
2741
1855
2742
2743
1857
1860
1872
1858
1861
1873
1859
1862
1874
1863
1875
1920
1861
1864
1876
1862
1865
1877
1863
1866
1878
1867
1879
1930
1865
1868
1880
1866
1869
1881
1867
1870
1882
1871
1883
1940
4920
4923
4924
1869
1884
2144
1870
1885
2145
1871
1886
2146
4921
4923
4925
4811
4920
4921
4923
1873
1876
1888
1874
1877
1889
1875
1878
1890
1879
1891
1960
1877
1880
1892
1878
1881
1893
1879
1882
1894
1883
1895
1970
1881
1884
1896
1882
1885
1897
1883
1886
1898
1887
1899
1980
1885
1900
2164
1886
1901
2165
1887
1902
2166
1903
1990
2167
4923
4924
4925
4926
1889
1892
1904
1890
1893
1905
1891
1894
1906
1895
1907
2000
1893
1896
1908
1894
1897
1909
1895
1898
1910
1899
1911
2010
1897
1900
1912
1898
1901
1913
1899
1902
1914
1903
1915
2020
1901
1916
2184
1902
1917
2185
1903
1918
2186
1919
2030
2187
1905
1908
1906
1909
1907
1910
1911
2040
1909
1912
1910
1913
1911
1914
1915
2050
1913
1916
1914
1917
1915
1918
1919
2060
1917
2204
1918
2205
1919
2206
2070
2207
1921
1930
1960
1922
1931
1961
1923
1932
1962
1924
1933
1963
1925
1934
1964
1926
1935
1965
1927
1936
1966
1928
1937
1967
1929
1938
1968
1939
1969
2080
1931
1940
1970
1932
1941
1971
1933
1942
1972
1934
1943
1973
1935
1944
1974
1936
1945
1975
1937
1946
1976
1938
1947
1977
1939
1948
1978
1949
1979
2084
1941
1950
1980
4928
4930
4932
1942
1951
1981
4934
4937
4938
1943
1952
1982
4941
4944
4945
1944
1953
1983
4948
4951
4952
1945
1954
1984
4955
4958
4959
1946
1955
1985
4962
4965
4966
1947
1956
1986
4969
4972
4973
1948
1957
1987
4976
4979
4980
1949
1958
1988
4983
4986
4987
1959
1989
2088
4990
4993
4994
3423
4920
4927
4928
4930
3432
4928
4934
4935
4937
3439
4934
4941
4942
4944
3446
4941
4948
4949
4951
3453
4948
4955
4956
4958
3460
4955
4962
4963
4965
3467
4962
4969
4970
4972
3474
4969
4976
4977
4979
3481
4976
4983
4984
4986
3488
4983
4990
4991
4993
1961
1970
2000
1962
1971
2001
1963
1972
2002
1964
1973
2003
1965
1974
2004
1966
1975
2005
1967
1976
2006
1968
1977
2007
1969
1978
2008
1979
2009
2096
1971
1980
2010
1972
1981
2011
1973
1982
2012
1974
1983
2013
1975
1984
2014
1976
1985
2015
1977
1986
2016
1978
1987
2017
1979
1988
2018
1989
2019
2100
1981
1990
2020
1982
1991
2021
1983
1992
2022
1984
1993
2023
1985
1994
2024
1986
1995
2025
1987
1996
2026
1988
1997
2027
1989
1998
2028
1999
2029
2104
1991
2030
2274
4930
4931
4932
4933
1992
2031
2275
4937
4938
4939
4940
1993
2032
2276
4944
4945
4946
4947
1994
2033
2277
4951
4952
4953
4954
1995
2034
2278
4958
4959
4960
4961
1996
2035
2279
4965
4966
4967
4968
1997
2036
2280
4972
4973
4974
4975
1998
2037
2281
4979
4980
4981
4982
1999
2038
2282
4986
4987
4988
4989
2039
2108
2283
4993
4994
4995
4996
2001
2010
2040
2002
2011
2041
2003
2012
2042
2004
2013
2043
2005
2014
2044
2006
2015
2045
2007
2016
2046
2008
2017
2047
2009
2018
2048
2019
2049
2112
2011
2020
2050
2012
2021
2051
2013
2022
2052
2014
2023
2053
2015
2024
2054
2016
2025
2055
2017
2026
2056
2018
2027
2057
2019
2028
2058
2029
2059
2116
2021
2030
2060
2022
2031
2061
2023
2032
2062
2024
2033
2063
2025
2034
2064
2026
2035
2065
2027
2036
2066
2028
2037
2067
2029
2038
2068
2039
2069
2120
2031
2070
2324
2032
2071
2325
2033
2072
2326
2034
2073
2327
2035
2074
2328
2036
2075
2329
2037
2076
2330
2038
2077
2331
2039
2078
2332
2079
2124
2333
2041
2050
2042
2051
2043
2052
2044
2053
2045
2054
2046
2055
2047
2056
2048
2057
2049
2058
2059
2128
2051
2060
2052
2061
2053
2062
2054
2063
2055
2064
2056
2065
2057
2066
2058
2067
2059
2068
2069
2132
2061
2070
2062
2071
2063
2072
2064
2073
2065
2074
2066
2075
2067
2076
2068
2077
2069
2078
2079
2136
2071
2374
2072
2375
2073
2376
2074
2377
2075
2378
2076
2379
2077
2380
2078
2381
2079
2382
2140
2383
2081
2084
2096
2082
2085
2097
2083
2086
2098
2087
2099
2085
2088
2100
2086
2089
2101
2087
2090
2102
2091
2103
2089
2092
2104
4998
5000
5002
2090
2093
2105
2091
2094
2106
2095
2107
4844
4990
4997
4998
5000
2094
2109
2425
4998
4999
5002
5003
2095
2110
2426
2111
2427
2097
2100
2112
2098
2101
2113
2099
2102
2114
2103
2115
2101
2104
2116
2102
2105
2117
2103
2106
2118
2107
2119
2105
2108
2120
2106
2109
2121
2107
2110
2122
2111
2123
2109
2124
2444
5000
5001
5002
5003
2110
2125
2445
2111
2126
2446
2127
2447
2113
2116
2128
2114
2117
2129
2115
2118
2130
2119
2131
2117
2120
2132
2118
2121
2133
2119
2122
2134
2123
2135
2121
2124
2136
2122
2125
2137
2123
2126
2138
2127
2139
2125
2140
2464
2126
2141
2465
2127
2142
2466
2143
2467
2129
2132
2130
2133
2131
2134
2135
2133
2136
2134
2137
2135
2138
2139
2137
2140
2138
2141
2139
2142
2143
2141
2484
2142
2485
2143
2486
2487
2145
2148
2164
2146
2149
2165
2147
2150
2166
5005
5007
5009
3633
4921
5004
5005
5007
2149
2152
2168
2150
2153
2169
2151
2154
2170
5012
5014
5016
3642
5005
5011
5012
5014
2153
2156
2172
2154
2157
2173
2155
2158
2174
5019
5021
5023
3649
5012
5018
5019
5021
2157
2160
2176
2158
2161
2177
2159
2162
2178
5026
5028
5030
3656
5019
5025
5026
5028
2161
2180
2504
2162
2181
2505
2163
2182
2506
5033
5035
5037
3663
5026
5032
5033
5035
2165
2168
2184
2166
2169
2185
2167
2170
2186
2171
2187
2274
5007
5008
5009
5010
2169
2172
2188
2170
2173
2189
2171
2174
2190
2175
2191
2284
5014
5015
5016
5017
2173
2176
2192
2174
2177
2193
2175
2178
2194
2179
2195
2294
5021
5022
5023
5024
2177
2180
2196
2178
2181
2197
2179
2182
2198
2183
2199
2304
5028
5029
5030
5031
2181
2200
2520
2182
2201
2521
2183
2202
2522
2203
2314
2523
5035
5036
5037
5038
2185
2188
2204
2186
2189
2205
2187
2190
2206
2191
2207
2324
2189
2192
2208
2190
2193
2209
2191
2194
2210
2195
2211
2334
2193
2196
2212
2194
2197
2213
2195
2198
2214
2199
2215
2344
2197
2200
2216
2198
2201
2217
2199
2202
2218
2203
2219
2354
2201
2220
2536
2202
2221
2537
2203
2222
2538
2223
2364
2539
2205
2208
2206
2209
2207
2210
2211
2374
2209
2212
2210
2213
2211
2214
2215
2384
2213
2216
2214
2217
2215
2218
2219
2394
2217
2220
2218
2221
2219
2222
2223
2404
2221
2552
2222
2553
2223
2554
2414
2555
4192
4193
4195
4927
5004
4192
4199
4200
4202
4935
4199
4206
4207
4209
4942
4206
4213
4214
4216
4949
4213
4220
4221
4223
4956
4220
4227
4228
4230
4963
4227
4234
4235
4237
4970
4234
4241
4242
4244
4977
4241
4248
4249
4251
4984
4248
4255
4256
4258
4991
4193
4262
4263
4265
5011
4200
4263
4269
4270
4272
4207
4269
4276
4277
4279
4214
4276
4283
4284
4286
4221
4283
4290
4291
4293
4228
4290
4297
4298
4300
4235
4297
4304
4305
4307
4242
4304
4311
4312
4314
4249
4311
4318
4319
4321
4256
4318
4325
4326
4328
4262
4332
4333
4335
5018
4270
4333
4339
4340
4342
4277
4339
4346
4347
4349
4284
4346
4353
4354
4356
4291
4353
4360
4361
4363
4298
4360
4367
4368
4370
4305
4367
4374
4375
4377
4312
4374
4381
4382
4384
4319
4381
4388
4389
4391
4326
4388
4395
4396
4398
4332
4402
4403
4405
5025
4340
4403
4409
4410
4412
4347
4409
4416
4417
4419
4354
4416
4423
4424
4426
4361
4423
4430
4431
4433
4368
4430
4437
4438
4440
4375
4437
4444
4445
4447
4382
4444
4451
4452
4454
4389
4451
4458
4459
4461
4396
4458
4465
4466
4468
4402
4472
4473
4475
5032
4410
4473
4479
4480
4482
4417
4479
4486
4487
4489
4424
4486
4493
4494
4496
4431
4493
4500
4501
4503
4438
4500
4507
4508
4510
4445
4507
4514
4515
4517
4452
4514
4521
4522
4524
4459
4521
4528
4529
4531
4466
4528
4535
4536
4538
2275
2284
2324
4195
4196
4197
4198
2276
2285
2325
4202
4203
4204
4205
2277
2286
2326
4209
4210
4211
4212
2278
2287
2327
4216
4217
4218
4219
2279
2288
2328
4223
4224
4225
4226
2280
2289
2329
4230
4231
4232
4233
2281
2290
2330
4237
4238
4239
4240
2282
2291
2331
4244
4245
4246
4247
2283
2292
2332
4251
4252
4253
4254
2293
2333
2444
4258
4259
4260
4261
2285
2294
2334
4265
4266
4267
4268
2286
2295
2335
4272
4273
4274
4275
2287
2296
2336
4279
4280
4281
4282
2288
2297
2337
4286
4287
4288
4289
2289
2298
2338
4293
4294
4295
4296
2290
2299
2339
4300
4301
4302
4303
2291
2300
2340
4307
4308
4309
4310
2292
2301
2341
4314
4315
4316
4317
2293
2302
2342
4321
4322
4323
4324
2303
2343
2448
4328
4329
4330
4331
2295
2304
2344
4335
4336
4337
4338
2296
2305
2345
4342
4343
4344
4345
2297
2306
2346
4349
4350
4351
4352
2298
2307
2347
4356
4357
4358
4359
2299
2308
2348
4363
4364
4365
4366
2300
2309
2349
4370
4371
4372
4373
2301
2310
2350
4377
4378
4379
4380
2302
2311
2351
4384
4385
4386
4387
2303
2312
2352
4391
4392
4393
4394
2313
2353
2452
4398
4399
4400
4401
2305
2314
2354
4405
4406
4407
4408
2306
2315
2355
4412
4413
4414
4415
2307
2316
2356
4419
4420
4421
4422
2308
2317
2357
4426
4427
4428
4429
2309
2318
2358
4433
4434
4435
4436
2310
2319
2359
4440
4441
4442
4443
2311
2320
2360
4447
4448
4449
4450
2312
2321
2361
4454
4455
4456
4457
2313
2322
2362
4461
4462
4463
4464
2323
2363
2456
4468
4469
4470
4471
2315
2364
2608
4475
4476
4477
4478
2316
2365
2609
4482
4483
4484
4485
2317
2366
2610
4489
4490
4491
4492
2318
2367
2611
4496
4497
4498
4499
2319
2368
2612
4503
4504
4505
4506
2320
2369
2613
4510
4511
4512
4513
2321
2370
2614
4517
4518
4519
4520
2322
2371
2615
4524
4525
4526
4527
2323
2372
2616
4531
4532
4533
4534
2373
2460
2617
4538
4539
4540
4541
2325
2334
2374
2326
2335
2375
2327
2336
2376
2328
2337
2377
2329
2338
2378
2330
2339
2379
2331
2340
2380
2332
2341
2381
2333
2342
2382
2343
2383
2464
2335
2344
2384
2336
2345
2385
2337
2346
2386
2338
2347
2387
2339
2348
2388
2340
2349
2389
2341
2350
2390
2342
2351
2391
2343
2352
2392
2353
2393
2468
2345
2354
2394
2346
2355
2395
2347
2356
2396
2348
2357
2397
2349
2358
2398
2350
2359
2399
2351
2360
2400
2352
2361
2401
2353
2362
2402
2363
2403
2472
2355
2364
2404
2356
2365
2405
2357
2366
2406
2358
2367
2407
2359
2368
2408
2360
2369
2409
2361
2370
2410
2362
2371
2411
2363
2372
2412
2373
2413
2476
2365
2414
2648
2366
2415
2649
2367
2416
2650
2368
2417
2651
2369
2418
2652
2370
2419
2653
2371
2420
2654
2372
2421
2655
2373
2422
2656
2423
2480
2657
2375
2384
2376
2385
2377
2386
2378
2387
2379
2388
2380
2389
2381
2390
2382
2391
2383
2392
2393
2484
2385
2394
2386
2395
2387
2396
2388
2397
2389
2398
2390
2399
2391
2400
2392
2401
2393
2402
2403
2488
2395
2404
2396
2405
2397
2406
2398
2407
2399
2408
2400
2409
2401
2410
2402
2411
2403
2412
2413
2492
2405
2414
2406
2415
2407
2416
2408
2417
2409
2418
2410
2419
2411
2420
2412
2421
2413
2422
2423
2496
2415
2688
2416
2689
2417
2690
2418
2691
2419
2692
2420
2693
2421
2694
2422
2695
2423
2696
2500
2697
3807
4255
4997
5039
5040
5042
2426
2429
2445
5039
5041
5043
5045
2427
2430
2446
2431
2447
3815
4325
5040
5046
5047
5049
2430
2433
2449
5047
5048
5051
5052
2431
2434
2450
2435
2451
3822
4395
5046
5053
5054
5056
2434
2437
2453
5054
5055
5058
5059
2435
2438
2454
2439
2455
3829
4465
5053
5060
5061
5063
2438
2441
2457
5061
5062
5065
5066
2439
2442
2458
2443
2459
3836
4535
5060
5067
5068
5070
2442
2461
2729
5068
5069
5072
5073
2443
2462
2730
2463
2731
2445
2448
2464
5042
5043
5044
5045
2446
2449
2465
2447
2450
2466
2451
2467
2449
2452
2468
5049
5050
5051
5052
2450
2453
2469
2451
2454
2470
2455
2471
2453
2456
2472
5056
5057
5058
5059
2454
2457
2473
2455
2458
2474
2459
2475
2457
2460
2476
5063
5064
5065
5066
2458
2461
2477
2459
2462
2478
2463
2479
2461
2480
2744
5070
5071
5072
5073
2462
2481
2745
2463
2482
2746
2483
2747
2465
2468
2484
2466
2469
2485
2467
2470
2486
2471
2487
2469
2472
2488
2470
2473
2489
2471
2474
2490
2475
2491
2473
2476
2492
2474
2477
2493
2475
2478
2494
2479
2495
2477
2480
2496
2478
2481
2497
2479
2482
2498
2483
2499
2481
2500
2760
2482
2501
2761
2483
2502
2762
2503
2763
2485
2488
2486
2489
2487
2490
2491
2489
2492
2490
2493
2491
2494
2495
2493
2496
2494
2497
2495
2498
2499
2497
2500
2498
2501
2499
2502
2503
2501
2776
2502
2777
2503
2778
2779
2505
2508
2520
2506
2509
2521
2507
2510
2522
5075
5077
5079
4879
5033
5074
5075
5077
2509
2512
2524
2510
2513
2525
2511
2514
2526
2515
2527
2578
5075
5076
5079
5080
2513
2516
2528
2514
2517
2529
2515
2518
2530
2519
2531
2588
2517
2532
2518
2533
2519
2534
2535
2598
2521
2524
2536
2522
2525
2537
2523
2526
2538
2527
2539
2608
5077
5078
5079
5080
2525
2528
2540
2526
2529
2541
2527
2530
2542
2531
2543
2618
2529
2532
2544
2530
2533
2545
2531
2534
2546
2535
2547
2628
2533
2548
2534
2549
2535
2550
2551
2638
2537
2540
2552
2538
2541
2553
2539
2542
2554
2543
2555
2648
2541
2544
2556
2542
2545
2557
2543
2546
2558
2547
2559
2658
2545
2548
2560
2546
2549
2561
2547
2550
2562
2551
2563
2668
2549
2564
2550
2565
2551
2566
2567
2678
2553
2556
2554
2557
2555
2558
2559
2688
2557
2560
2558
2561
2559
2562
2563
2698
2561
2564
2562
2565
2563
2566
2567
2708
2565
2566
2567
2718
4122
4472
5074
5081
5082
5084
4130
4480
5081
5088
5089
5091
4137
4487
5088
5095
5096
5098
4144
4494
5095
5102
5103
5105
4151
4501
5102
5109
5110
5112
4158
4508
5109
5116
5117
5119
4165
4515
5116
5123
5124
5126
4172
4522
5123
5130
5131
5133
4179
4529
5130
5137
5138
5140
4186
4536
5137
5144
5145
5147
2579
2588
2618
5082
5083
5086
5087
2580
2589
2619
5089
5090
5093
5094
2581
2590
2620
5096
5097
5100
5101
2582
2591
2621
5103
5104
5107
5108
2583
2592
2622
5110
5111
5114
5115
2584
2593
2623
5117
5118
5121
5122
2585
2594
2624
5124
5125
5128
5129
2586
2595
2625
5131
5132
5135
5136
2587
2596
2626
5138
5139
5142
5143
2597
2627
2732
5145
5146
5149
5150
2589
2598
2628
2590
2599
2629
2591
2600
2630
2592
2601
2631
2593
2602
2632
2594
2603
2633
2595
2604
2634
2596
2605
2635
2597
2606
2636
2607
2637
2736
2599
2638
2600
2639
2601
2640
2602
2641
2603
2642
2604
2643
2605
2644
2606
2645
2607
2646
2647
2740
2609
2618
2648
5084
5085
5086
5087
2610
2619
2649
5091
5092
5093
5094
2611
2620
2650
5098
5099
5100
5101
2612
2621
2651
5105
5106
5107
5108
2613
2622
2652
5112
5113
5114
5115
2614
2623
2653
5119
5120
5121
5122
2615
2624
2654
5126
5127
5128
5129
2616
2625
2655
5133
5134
5135
5136
2617
2626
2656
5140
5141
5142
5143
2627
2657
2744
5147
5148
5149
5150
2619
2628
2658
2620
2629
2659
2621
2630
2660
2622
2631
2661
2623
2632
2662
2624
2633
2663
2625
2634
2664
2626
2635
2665
2627
2636
2666
2637
2667
2748
2629
2638
2668
2630
2639
2669
2631
2640
2670
2632
2641
2671
2633
2642
2672
2634
2643
2673
2635
2644
2674
2636
2645
2675
2637
2646
2676
2647
2677
2752
2639
2678
2640
2679
2641
2680
2642
2681
2643
2682
2644
2683
2645
2684
2646
2685
2647
2686
2687
2756
2649
2658
2688
2650
2659
2689
2651
2660
2690
2652
2661
2691
2653
2662
2692
2654
2663
2693
2655
2664
2694
2656
2665
2695
2657
2666
2696
2667
2697
2760
2659
2668
2698
2660
2669
2699
2661
2670
2700
2662
2671
2701
2663
2672
2702
2664
2673
2703
2665
2674
2704
2666
2675
2705
2667
2676
2706
2677
2707
2764
2669
2678
2708
2670
2679
2709
2671
2680
2710
2672
2681
2711
2673
2682
2712
2674
2683
2713
2675
2684
2714
2676
2685
2715
2677
2686
2716
2687
2717
2768
2679
2718
2680
2719
2681
2720
2682
2721
2683
2722
2684
2723
2685
2724
2686
2725
2687
2726
2727
2772
2689
2698
2690
2699
2691
2700
2692
2701
2693
2702
2694
2703
2695
2704
2696
2705
2697
2706
2707
2776
2699
2708
2700
2709
2701
2710
2702
2711
2703
2712
2704
2713
2705
2714
2706
2715
2707
2716
2717
2780
2709
2718
2710
2719
2711
2720
2712
2721
2713
2722
2714
2723
2715
2724
2716
2725
2717
2726
2727
2784
2719
2720
2721
2722
2723
2724
2725
2726
2727
2788
4913
5067
5144
5151
5152
5154
2730
2733
2745
5151
5153
5155
5157
2731
2734
2746
2735
2747
2733
2736
2748
5152
5153
5156
5157
2734
2737
2749
2735
2738
2750
2739
2751
2737
2740
2752
2738
2741
2753
2739
2742
2754
2743
2755
2741
2756
2742
2757
2743
2758
2759
2745
2748
2760
5154
5155
5156
5157
2746
2749
2761
2747
2750
2762
2751
2763
2749
2752
2764
2750
2753
2765
2751
2754
2766
2755
2767
2753
2756
2768
2754
2757
2769
2755
2758
2770
2759
2771
2757
2772
2758
2773
2759
2774
2775
2761
2764
2776
2762
2765
2777
2763
2766
2778
2767
2779
2765
2768
2780
2766
2769
2781
2767
2770
2782
2771
2783
2769
2772
2784
2770
2773
2785
2771
2774
2786
2775
2787
2773
2788
2774
2789
2775
2790
2791
2777
2780
2778
2781
2779
2782
2783
2781
2784
2782
2785
2783
2786
2787
2785
2788
2786
2789
2787
2790
2791
2789
2790
2791
2794
2796
4551
4628
2794
2797
4553
2798
2800
4555
2796
2797
4630
2798
2863
4632
2798
2802
2865
2804
2867
2801
2803
4558
2801
2804
4561
2805
2807
4562
2803
2804
2805
2809
2869
2805
2872
2811
2873
2808
2810
4565
2808
2811
4568
2812
2814
4569
2810
2811
2812
2816
2876
2812
2879
2818
2880
2815
2817
4572
2815
2818
4575
2819
2821
4576
2817
2818
2819
2823
2883
2819
2886
2825
2887
2822
2824
4579
2822
2825
4582
2826
2828
4583
2824
2825
2826
2830
2890
2826
2893
2832
2894
2829
2831
4586
2829
2832
4589
2833
2835
4590
2831
2832
2833
2837
2897
2833
2900
2839
2901
2836
2838
4593
2836
2839
4596
2840
2842
4597
2838
2839
2840
2844
2904
2840
2907
2846
2908
2843
2845
4600
2843
2846
4603
2847
2849
4604
2845
2846
2847
2851
2911
2847
2914
2853
2915
2850
2852
4607
2850
2853
4610
2854
2856
4611
2852
2853
2854
2858
2918
2854
2921
2860
2922
2857
2859
4614
2857
2860
4617
2861
4618
4661
2859
2860
2861
2925
4664
2861
2928
2929
4665
2864
2866
4635
2864
2867
4637
2868
2933
4639
2866
2867
2868
2870
2935
2868
2872
2874
2937
2871
2873
2871
2874
2875
2877
2939
2873
2874
2875
2879
2875
2942
2881
2943
2878
2880
2878
2881
2882
2884
2946
2880
2881
2882
2886
2882
2949
2888
2950
2885
2887
2885
2888
2889
2891
2953
2887
2888
2889
2893
2889
2956
2895
2957
2892
2894
2892
2895
2896
2898
2960
2894
2895
2896
2900
2896
2963
2902
2964
2899
2901
2899
2902
2903
2905
2967
2901
2902
2903
2907
2903
2970
2909
2971
2906
2908
2906
2909
2910
2912
2974
2908
2909
2910
2914
2910
2977
2916
2978
2913
2915
2913
2916
2917
2919
2981
2915
2916
2917
2921
2917
2984
2923
2985
2920
2922
2920
2923
2924
2926
2988
2922
2923
2924
2928
2924
2991
2930
2992
2927
2929
2927
2930
2931
2995
4668
2929
2930
2931
4669
2931
2998
2999
4670
2934
2936
4642
2934
2937
4644
2938
3003
4646
2936
2937
2938
2940
3005
2938
2942
2944
3007
2941
2943
2941
2944
2945
2947
3009
2943
2944
2945
2949
2945
3012
2951
3013
2948
2950
2948
2951
2952
2954
3016
2950
2951
2952
2956
2952
3019
2958
3020
2955
2957
2955
2958
2959
2961
3023
2957
2958
2959
2963
2959
3026
2965
3027
2962
2964
2962
2965
2966
2968
3030
2964
2965
2966
2970
2966
3033
2972
3034
2969
2971
2969
2972
2973
2975
3037
2971
2972
2973
2977
2973
3040
2979
3041
2976
2978
2976
2979
2980
2982
3044
2978
2979
2980
2984
2980
3047
2986
3048
2983
2985
2983
2986
2987
2989
3051
2985
2986
2987
2991
2987
3054
2993
3055
2990
2992
2990
2993
2994
2996
3058
2992
2993
2994
2998
2994
3061
3000
3062
2997
2999
2997
3000
3001
3065
4675
2999
3000
3001
4676
3001
3068
3069
4677
3004
3006
4649
3004
3007
4651
3008
3073
4653
3006
3007
3008
3010
3075
3008
3012
3014
3077
3011
3013
3011
3014
3015
3017
3079
3013
3014
3015
3019
3015
3082
3021
3083
3018
3020
3018
3021
3022
3024
3086
3020
3021
3022
3026
3022
3089
3028
3090
3025
3027
3025
3028
3029
3031
3093
3027
3028
3029
3033
3029
3096
3035
3097
3032
3034
3032
3035
3036
3038
3100
3034
3035
3036
3040
3036
3103
3042
3104
3039
3041
3039
3042
3043
3045
3107
3041
3042
3043
3047
3043
3110
3049
3111
3046
3048
3046
3049
3050
3052
3114
3048
3049
3050
3054
3050
3117
3056
3118
3053
3055
3053
3056
3057
3059
3121
3055
3056
3057
3061
3057
3124
3063
3125
3060
3062
3060
3063
3064
3066
3128
3062
3063
3064
3068
3064
3131
3070
3132
3067
3069
3067
3070
3071
3135
4682
3069
3070
3071
4683
3071
3138
3139
4684
3074
3076
4656
3074
3077
4658
3078
4660
4703
3076
3077
3078
3080
4704
3078
3082
3084
4705
3081
3083
3081
3084
3085
3087
4710
3083
3084
3085
3089
3085
4711
3091
4712
3088
3090
3088
3091
3092
3094
4717
3090
3091
3092
3096
3092
4718
3098
4719
3095
3097
3095
3098
3099
3101
4724
3097
3098
3099
3103
3099
4725
3105
4726
3102
3104
3102
3105
3106
3108
4731
3104
3105
3106
3110
3106
4732
3112
4733
3109
3111
3109
3112
3113
3115
4738
3111
3112
3113
3117
3113
4739
3119
4740
3116
3118
3116
3119
3120
3122
4745
3118
3119
3120
3124
3120
4746
3126
4747
3123
3125
3123
3126
3127
3129
4752
3125
3126
3127
3131
3127
4753
3133
4754
3130
3132
3130
3133
3134
3136
4759
3132
3133
3134
3138
3134
4760
3140
4761
3137
3139
3137
3140
3141
4689
4766
3139
3140
3141
4690
3141
4767
4691
4768
3144
3146
4551
4782
3144
3147
4554
3148
3150
4555
3146
3147
4784
3148
3212
4786
3148
3152
3215
3154
3216
3151
3153
4560
3151
3154
4561
3155
3157
4562
3153
3154
3155
3159
3219
3155
3220
3161
3221
3158
3160
4567
3158
3161
4568
3162
3164
4569
3160
3161
3162
3166
3226
3162
3227
3168
3228
3165
3167
4574
3165
3168
4575
3169
3171
4576
3167
3168
3169
3173
3233
3169
3234
3175
3235
3172
3174
4581
3172
3175
4582
3176
3178
4583
3174
3175
3176
3180
3240
3176
3241
3182
3242
3179
3181
4588
3179
3182
4589
3183
3185
4590
3181
3182
3183
3187
3247
3183
3248
3189
3249
3186
3188
4595
3186
3189
4596
3190
3192
4597
3188
3189
3190
3194
3254
3190
3255
3196
3256
3193
3195
4602
3193
3196
4603
3197
3199
4604
3195
3196
3197
3201
3261
3197
3262
3203
3263
3200
3202
4609
3200
3203
4610
3204
3206
4611
3202
3203
3204
3208
3268
3204
3269
3210
3270
3207
3209
4616
3207
3210
4617
3211
4618
4815
3209
3210
3211
3275
4818
3211
3276
3277
4819
3214
3216
4789
3214
3217
4791
3218
3282
4793
3216
3217
3218
3220
3218
3222
3285
3224
3286
3221
3223
3221
3224
3225
3227
3223
3224
3225
3229
3289
3225
3290
3231
3291
3228
3230
3228
3231
3232
3234
3230
3231
3232
3236
3296
3232
3297
3238
3298
3235
3237
3235
3238
3239
3241
3237
3238
3239
3243
3303
3239
3304
3245
3305
3242
3244
3242
3245
3246
3248
3244
3245
3246
3250
3310
3246
3311
3252
3312
3249
3251
3249
3252
3253
3255
3251
3252
3253
3257
3317
3253
3318
3259
3319
3256
3258
3256
3259
3260
3262
3258
3259
3260
3264
3324
3260
3325
3266
3326
3263
3265
3263
3266
3267
3269
3265
3266
3267
3271
3331
3267
3332
3273
3333
3270
3272
3270
3273
3274
3276
3272
3273
3274
3278
3338
3274
3339
3280
3340
3277
3279
3277
3280
3281
4822
3279
3280
3281
3345
4823
3281
3346
3347
4824
3284
3286
4796
3284
3287
4798
3288
3352
4800
3286
3287
3288
3290
3288
3292
3355
3294
3356
3291
3293
3291
3294
3295
3297
3293
3294
3295
3299
3359
3295
3360
3301
3361
3298
3300
3298
3301
3302
3304
3300
3301
3302
3306
3366
3302
3367
3308
3368
3305
3307
3305
3308
3309
3311
3307
3308
3309
3313
3373
3309
3374
3315
3375
3312
3314
3312
3315
3316
3318
3314
3315
3316
3320
3380
3316
3381
3322
3382
3319
3321
3319
3322
3323
3325
3321
3322
3323
3327
3387
3323
3388
3329
3389
3326
3328
3326
3329
3330
3332
3328
3329
3330
3334
3394
3330
3395
3336
3396
3333
3335
3333
3336
3337
3339
3335
3336
3337
3341
3401
3337
3402
3343
3403
3340
3342
3340
3343
3344
3346
3342
3343
3344
3348
3408
3344
3409
3350
3410
3347
3349
3347
3350
3351
4829
3349
3350
3351
3415
4830
3351
3416
3417
4831
3354
3356
4803
3354
3357
4805
3358
3422
4807
3356
3357
3358
3360
3358
3362
3425
3364
3426
3361
3363
3361
3364
3365
3367
3363
3364
3365
3369
3429
3365
3430
3371
3431
3368
3370
3368
3371
3372
3374
3370
3371
3372
3376
3436
3372
3437
3378
3438
3375
3377
3375
3378
3379
3381
3377
3378
3379
3383
3443
3379
3444
3385
3445
3382
3384
3382
3385
3386
3388
3384
3385
3386
3390
3450
3386
3451
3392
3452
3389
3391
3389
3392
3393
3395
3391
3392
3393
3397
3457
3393
3458
3399
3459
3396
3398
3396
3399
3400
3402
3398
3399
3400
3404
3464
3400
3465
3406
3466
3403
3405
3403
3406
3407
3409
3405
3406
3407
3411
3471
3407
3472
3413
3473
3410
3412
3410
3413
3414
3416
3412
3413
3414
3418
3478
3414
3479
3420
3480
3417
3419
3417
3420
3421
4836
3419
3420
3421
3485
4837
3421
3486
3487
4838
3424
3426
4810
3424
3427
4812
3428
4814
4927
3426
3427
3428
3430
3428
3432
4928
3434
4929
3431
3433
3431
3434
3435
3437
3433
3434
3435
3439
4934
3435
4935
3441
4936
3438
3440
3438
3441
3442
3444
3440
3441
3442
3446
4941
3442
4942
3448
4943
3445
3447
3445
3448
3449
3451
3447
3448
3449
3453
4948
3449
4949
3455
4950
3452
3454
3452
3455
3456
3458
3454
3455
3456
3460
4955
3456
4956
3462
4957
3459
3461
3459
3462
3463
3465
3461
3462
3463
3467
4962
3463
4963
3469
4964
3466
3468
3466
3469
3470
3472
3468
3469
3470
3474
4969
3470
4970
3476
4971
3473
3475
3473
3476
3477
3479
3475
3476
3477
3481
4976
3477
4977
3483
4978
3480
3482
3480
3483
3484
3486
3482
3483
3484
3488
4983
3484
4984
3490
4985
3487
3489
3487
3490
3491
4843
3489
3490
3491
4844
4990
3491
4991
4845
4992
3494
3496
4628
4782
3494
3497
4631
3498
3499
4632
3496
3497
4785
3498
3527
4786
3498
3502
3530
3503
3531
3501
3503
4637
3501
3504
4638
3505
3506
4639
3503
3504
3505
3534
3505
3509
3535
3510
3536
3508
3510
4644
3508
3511
4645
3512
3513
4646
3510
3511
3512
3541
3512
3516
3542
3517
3543
3515
3517
4651
3515
3518
4652
3519
3520
4653
3517
3518
3519
3548
3519
3523
3549
3524
3550
3522
3524
4658
3522
3525
4659
3526
4660
4850
3524
3525
3526
3555
3526
3556
4853
3557
4854
3529
3531
4789
3529
3532
4792
3533
3562
4793
3531
3532
3533
3534
3533
3537
3565
3538
3566
3536
3538
3536
3539
3540
3541
3538
3539
3540
3569
3540
3544
3570
3545
3571
3543
3545
3543
3546
3547
3548
3545
3546
3547
3576
3547
3551
3577
3552
3578
3550
3552
3550
3553
3554
3555
3552
3553
3554
3583
3554
3558
3584
3559
3585
3557
3559
3557
3560
3561
4857
3559
3560
3561
3590
3561
3591
4858
3592
4859
3564
3566
4796
3564
3567
4799
3568
3597
4800
3566
3567
3568
3569
3568
3572
3600
3573
3601
3571
3573
3571
3574
3575
3576
3573
3574
3575
3604
3575
3579
3605
3580
3606
3578
3580
3578
3581
3582
3583
3580
3581
3582
3611
3582
3586
3612
3587
3613
3585
3587
3585
3588
3589
3590
3587
3588
3589
3618
3589
3593
3619
3594
3620
3592
3594
3592
3595
3596
4864
3594
3595
3596
3625
3596
3626
4865
3627
4866
3599
3601
4803
3599
3602
4806
3603
3632
4807
3601
3602
3603
3604
3603
3607
3635
3608
3636
3606
3608
3606
3609
3610
3611
3608
3609
3610
3639
3610
3614
3640
3615
3641
3613
3615
3613
3616
3617
3618
3615
3616
3617
3646
3617
3621
3647
3622
3648
3620
3622
3620
3623
3624
3625
3622
3623
3624
3653
3624
3628
3654
3629
3655
3627
3629
3627
3630
3631
4871
3629
3630
3631
3660
3631
3661
4872
3662
4873
3634
3636
4810
3634
3637
4813
3638
4814
5004
3636
3637
3638
3639
3638
3642
5005
3643
5006
3641
3643
3641
3644
3645
3646
3643
3644
3645
5011
3645
3649
5012
3650
5013
3648
3650
3648
3651
3652
3653
3650
3651
3652
5018
3652
3656
5019
3657
5020
3655
3657
3655
3658
3659
3660
3657
3658
3659
5025
3659
3663
5026
3664
5027
3662
3664
3662
3665
3666
4878
3664
3665
3666
5032
3666
4879
5033
4880
5034
3669
3671
4663
4817
3669
3672
4665
3673
3675
4667
3671
3672
4819
3673
3703
4821
3673
3677
3705
3679
3707
3676
3678
4670
3676
3679
4673
3680
3682
4674
3678
3679
3680
3684
3709
3680
3712
3686
3713
3683
3685
4677
3683
3686
4680
3687
3689
4681
3685
3686
3687
3691
3716
3687
3719
3693
3720
3690
3692
4684
3690
3693
4687
3694
3696
4688
3692
3693
3694
3698
3723
3694
3726
3700
3727
3697
3699
4691
3697
3700
4694
3701
4695
4885
3699
3700
3701
3730
4888
3701
3733
3734
4889
3704
3706
4824
3704
3707
4826
3708
3738
4828
3706
3707
3708
3710
3740
3708
3712
3714
3742
3711
3713
3711
3714
3715
3717
3744
3713
3714
3715
3719
3715
3747
3721
3748
3718
3720
3718
3721
3722
3724
3751
3720
3721
3722
3726
3722
3754
3728
3755
3725
3727
3725
3728
3729
3731
3758
3727
3728
3729
3733
3729
3761
3735
3762
3732
3734
3732
3735
3736
3765
4892
3734
3735
3736
4893
3736
3768
3769
4894
3739
3741
4831
3739
3742
4833
3743
3773
4835
3741
3742
3743
3745
3775
3743
3747
3749
3777
3746
3748
3746
3749
3750
3752
3779
3748
3749
3750
3754
3750
3782
3756
3783
3753
3755
3753
3756
3757
3759
3786
3755
3756
3757
3761
3757
3789
3763
3790
3760
3762
3760
3763
3764
3766
3793
3762
3763
3764
3768
3764
3796
3770
3797
3767
3769
3767
3770
3771
3800
4899
3769
3770
3771
4900
3771
3803
3804
4901
3774
3776
4838
3774
3777
4840
3778
3808
4842
3776
3777
3778
3780
3810
3778
3782
3784
3812
3781
3783
3781
3784
3785
3787
3814
3783
3784
3785
3789
3785
3817
3791
3818
3788
3790
3788
3791
3792
3794
3821
3790
3791
3792
3796
3792
3824
3798
3825
3795
3797
3795
3798
3799
3801
3828
3797
3798
3799
3803
3799
3831
3805
3832
3802
3804
3802
3805
3806
3835
4906
3804
3805
3806
4907
3806
3838
3839
4908
3809
3811
4845
3809
3812
4847
3813
4849
5039
3811
3812
3813
3815
5040
3813
3817
3819
5041
3816
3818
3816
3819
3820
3822
5046
3818
3819
3820
3824
3820
5047
3826
5048
3823
3825
3823
3826
3827
3829
5053
3825
3826
3827
3831
3827
5054
3833
5055
3830
3832
3830
3833
3834
3836
5060
3832
3833
3834
3838
3834
5061
3840
5062
3837
3839
3837
3840
3841
4913
5067
3839
3840
3841
4914
3841
5068
4915
5069
3844
3846
4705
3844
3847
4707
4852
3848
3850
4709
3846
3847
4854
3848
3852
3913
3848
3915
4856
3854
3917
3851
3853
4712
3851
3854
4715
3855
3857
4716
3853
3854
3855
3859
3919
3855
3922
3861
3923
3858
3860
4719
3858
3861
4722
3862
3864
4723
3860
3861
3862
3866
3926
3862
3929
3868
3930
3865
3867
4726
3865
3868
4729
3869
3871
4730
3867
3868
3869
3873
3933
3869
3936
3875
3937
3872
3874
4733
3872
3875
4736
3876
3878
4737
3874
3875
3876
3880
3940
3876
3943
3882
3944
3879
3881
4740
3879
3882
4743
3883
3885
4744
3881
3882
3883
3887
3947
3883
3950
3889
3951
3886
3888
4747
3886
3889
4750
3890
3892
4751
3888
3889
3890
3894
3954
3890
3957
3896
3958
3893
3895
4754
3893
3896
4757
3897
3899
4758
3895
3896
3897
3901
3961
3897
3964
3903
3965
3900
3902
4761
3900
3903
4764
3904
3906
4765
3902
3903
3904
3908
3968
3904
3971
3910
3972
3907
3909
4768
3907
3910
4771
3911
4772
4886
3909
3910
3911
3975
4888
3911
3978
3979
4890
3914
3916
4859
3914
3917
3918
3920
3983
3916
3917
4861
3918
3985
4863
3918
3922
3924
3987
3921
3923
3921
3924
3925
3927
3989
3923
3924
3925
3929
3925
3992
3931
3993
3928
3930
3928
3931
3932
3934
3996
3930
3931
3932
3936
3932
3999
3938
4000
3935
3937
3935
3938
3939
3941
4003
3937
3938
3939
3943
3939
4006
3945
4007
3942
3944
3942
3945
3946
3948
4010
3944
3945
3946
3950
3946
4013
3952
4014
3949
3951
3949
3952
3953
3955
4017
3951
3952
3953
3957
3953
4020
3959
4021
3956
3958
3956
3959
3960
3962
4024
3958
3959
3960
3964
3960
4027
3966
4028
3963
3965
3963
3966
3967
3969
4031
3965
3966
3967
3971
3967
4034
3973
4035
3970
3972
3970
3973
3974
3976
4038
3972
3973
3974
3978
3974
4041
3980
4042
3977
3979
3977
3980
3981
4045
4892
3979
3980
3981
4895
3981
4048
4049
4896
3984
3986
4866
3984
3987
3988
3990
4053
3986
3987
4868
3988
4055
4870
3988
3992
3994
4057
3991
3993
3991
3994
3995
3997
4059
3993
3994
3995
3999
3995
4062
4001
4063
3998
4000
3998
4001
4002
4004
4066
4000
4001
4002
4006
4002
4069
4008
4070
4005
4007
4005
4008
4009
4011
4073
4007
4008
4009
4013
4009
4076
4015
4077
4012
4014
4012
4015
4016
4018
4080
4014
4015
4016
4020
4016
4083
4022
4084
4019
4021
4019
4022
4023
4025
4087
4021
4022
4023
4027
4023
4090
4029
4091
4026
4028
4026
4029
4030
4032
4094
4028
4029
4030
4034
4030
4097
4036
4098
4033
4035
4033
4036
4037
4039
4101
4035
4036
4037
4041
4037
4104
4043
4105
4040
4042
4040
4043
4044
4046
4108
4042
4043
4044
4048
4044
4111
4050
4112
4047
4049
4047
4050
4051
4115
4899
4049
4050
4051
4902
4051
4118
4119
4903
4054
4056
4873
4054
4057
4058
4060
4123
4056
4057
4875
4058
4125
4877
4058
4062
4064
4127
4061
4063
4061
4064
4065
4067
4129
4063
4064
4065
4069
4065
4132
4071
4133
4068
4070
4068
4071
4072
4074
4136
4070
4071
4072
4076
4072
4139
4078
4140
4075
4077
4075
4078
4079
4081
4143
4077
4078
4079
4083
4079
4146
4085
4147
4082
4084
4082
4085
4086
4088
4150
4084
4085
4086
4090
4086
4153
4092
4154
4089
4091
4089
4092
4093
4095
4157
4091
4092
4093
4097
4093
4160
4099
4161
4096
4098
4096
4099
4100
4102
4164
4098
4099
4100
4104
4100
4167
4106
4168
4103
4105
4103
4106
4107
4109
4171
4105
4106
4107
4111
4107
4174
4113
4175
4110
4112
4110
4113
4114
4116
4178
4112
4113
4114
4118
4114
4181
4120
4182
4117
4119
4117
4120
4121
4185
4906
4119
4120
4121
4909
4121
4188
4189
4910
4124
4126
4880
4124
4127
4128
4130
5081
4126
4127
4882
4128
4884
5082
4128
4132
4134
5083
4131
4133
4131
4134
4135
4137
5088
4133
4134
4135
4139
4135
5089
4141
5090
4138
4140
4138
4141
4142
4144
5095
4140
4141
4142
4146
4142
5096
4148
5097
4145
4147
4145
4148
4149
4151
5102
4147
4148
4149
4153
4149
5103
4155
5104
4152
4154
4152
4155
4156
4158
5109
4154
4155
4156
4160
4156
5110
4162
5111
4159
4161
4159
4162
4163
4165
5116
4161
4162
4163
4167
4163
5117
4169
5118
4166
4168
4166
4169
4170
4172
5123
4168
4169
4170
4174
4170
5124
4176
5125
4173
4175
4173
4176
4177
4179
5130
4175
4176
4177
4181
4177
5131
4183
5132
4180
4182
4180
4183
4184
4186
5137
4182
4183
4184
4188
4184
5138
4190
5139
4187
4189
4187
4190
4191
4913
5144
4189
4190
4191
4916
4191
5145
4917
5146
4194
4196
4929
4194
4197
5006
4198
4200
4263
4196
4197
4931
5008
4198
4202
4933
4198
4265
5010
4204
4267
4201
4203
4936
4201
4204
4205
4207
4269
4203
4204
4939
4205
4209
4940
4205
4272
4211
4273
4208
4210
4943
4208
4211
4212
4214
4276
4210
4211
4946
4212
4216
4947
4212
4279
4218
4280
4215
4217
4950
4215
4218
4219
4221
4283
4217
4218
4953
4219
4223
4954
4219
4286
4225
4287
4222
4224
4957
4222
4225
4226
4228
4290
4224
4225
4960
4226
4230
4961
4226
4293
4232
4294
4229
4231
4964
4229
4232
4233
4235
4297
4231
4232
4967
4233
4237
4968
4233
4300
4239
4301
4236
4238
4971
4236
4239
4240
4242
4304
4238
4239
4974
4240
4244
4975
4240
4307
4246
4308
4243
4245
4978
4243
4246
4247
4249
4311
4245
4246
4981
4247
4251
4982
4247
4314
4253
4315
4250
4252
4985
4250
4253
4254
4256
4318
4252
4253
4988
4254
4258
4989
4254
4321
4260
4322
4257
4259
4992
4257
4260
4261
4325
5040
4259
4260
4995
4261
4996
5042
4261
4328
4329
5044
4264
4266
5013
4264
4267
4268
4270
4333
4266
4267
5015
4268
4335
5017
4268
4272
4274
4337
4271
4273
4271
4274
4275
4277
4339
4273
4274
4275
4279
4275
4342
4281
4343
4278
4280
4278
4281
4282
4284
4346
4280
4281
4282
4286
4282
4349
4288
4350
4285
4287
4285
4288
4289
4291
4353
4287
4288
4289
4293
4289
4356
4295
4357
4292
4294
4292
4295
4296
4298
4360
4294
4295
4296
4300
4296
4363
4302
4364
4299
4301
4299
4302
4303
4305
4367
4301
4302
4303
4307
4303
4370
4309
4371
4306
4308
4306
4309
4310
4312
4374
4308
4309
4310
4314
4310
4377
4316
4378
4313
4315
4313
4316
4317
4319
4381
4315
4316
4317
4321
4317
4384
4323
4385
4320
4322
4320
4323
4324
4326
4388
4322
4323
4324
4328
4324
4391
4330
4392
4327
4329
4327
4330
4331
4395
5046
4329
4330
4331
5049
4331
4398
4399
5050
4334
4336
5020
4334
4337
4338
4340
4403
4336
4337
5022
4338
4405
5024
4338
4342
4344
4407
4341
4343
4341
4344
4345
4347
4409
4343
4344
4345
4349
4345
4412
4351
4413
4348
4350
4348
4351
4352
4354
4416
4350
4351
4352
4356
4352
4419
4358
4420
4355
4357
4355
4358
4359
4361
4423
4357
4358
4359
4363
4359
4426
4365
4427
4362
4364
4362
4365
4366
4368
4430
4364
4365
4366
4370
4366
4433
4372
4434
4369
4371
4369
4372
4373
4375
4437
4371
4372
4373
4377
4373
4440
4379
4441
4376
4378
4376
4379
4380
4382
4444
4378
4379
4380
4384
4380
4447
4386
4448
4383
4385
4383
4386
4387
4389
4451
4385
4386
4387
4391
4387
4454
4393
4455
4390
4392
4390
4393
4394
4396
4458
4392
4393
4394
4398
4394
4461
4400
4462
4397
4399
4397
4400
4401
4465
5053
4399
4400
4401
5056
4401
4468
4469
5057
4404
4406
5027
4404
4407
4408
4410
4473
4406
4407
5029
4408
4475
5031
4408
4412
4414
4477
4411
4413
4411
4414
4415
4417
4479
4413
4414
4415
4419
4415
4482
4421
4483
4418
4420
4418
4421
4422
4424
4486
4420
4421
4422
4426
4422
4489
4428
4490
4425
4427
4425
4428
4429
4431
4493
4427
4428
4429
4433
4429
4496
4435
4497
4432
4434
4432
4435
4436
4438
4500
4434
4435
4436
4440
4436
4503
4442
4504
4439
4441
4439
4442
4443
4445
4507
4441
4442
4443
4447
4443
4510
4449
4511
4446
4448
4446
4449
4450
4452
4514
4448
4449
4450
4454
4450
4517
4456
4518
4453
4455
4453
4456
4457
4459
4521
4455
4456
4457
4461
4457
4524
4463
4525
4460
4462
4460
4463
4464
4466
4528
4462
4463
4464
4468
4464
4531
4470
4532
4467
4469
4467
4470
4471
4535
5060
4469
4470
4471
5063
4471
4538
4539
5064
4474
4476
5034
4474
4477
4478
4480
5081
4476
4477
5036
4478
5038
5084
4478
4482
4484
5085
4481
4483
4481
4484
4485
4487
5088
4483
4484
4485
4489
4485
5091
4491
5092
4488
4490
4488
4491
4492
4494
5095
4490
4491
4492
4496
4492
5098
4498
5099
4495
4497
4495
4498
4499
4501
5102
4497
4498
4499
4503
4499
5105
4505
5106
4502
4504
4502
4505
4506
4508
5109
4504
4505
4506
4510
4506
5112
4512
5113
4509
4511
4509
4512
4513
4515
5116
4511
4512
4513
4517
4513
5119
4519
5120
4516
4518
4516
4519
4520
4522
5123
4518
4519
4520
4524
4520
5126
4526
5127
4523
4525
4523
4526
4527
4529
5130
4525
4526
4527
4531
4527
5133
4533
5134
4530
4532
4530
4533
4534
4536
5137
4532
4533
4534
4538
4534
5140
4540
5141
4537
4539
4537
4540
4541
5067
5144
4539
4540
4541
5070
4541
5147
5071
5148
4544
4546
4544
4547
4548
4549
4626
4546
4547
4548
4550
4780
4548
4627
4781
4551
4628
4782
4551
4553
4551
4554
4555
4553
4554
4555
4557
4555
4559
4561
4558
4560
4558
4561
4562
4564
4560
4561
4562
4566
4562
4568
4565
4567
4565
4568
4569
4571
4567
4568
4569
4573
4569
4575
4572
4574
4572
4575
4576
4578
4574
4575
4576
4580
4576
4582
4579
4581
4579
4582
4583
4585
4581
4582
4583
4587
4583
4589
4586
4588
4586
4589
4590
4592
4588
4589
4590
4594
4590
4596
4593
4595
4593
4596
4597
4599
4595
4596
4597
4601
4597
4603
4600
4602
4600
4603
4604
4606
4602
4603
4604
4608
4604
4610
4607
4609
4607
4610
4611
4613
4609
4610
4611
4615
4611
4617
4614
4616
4614
4617
4618
4619
4616
4617
4618
4620
4618
4621
4621
4623
4621
4624
4625
4661
4815
4623
4624
4625
4662
4625
4816
4663
4817
4628
4630
4628
4631
4632
4630
4631
4632
4633
4632
4636
4637
4635
4637
4635
4638
4639
4640
4637
4638
4639
4639
4643
4644
4642
4644
4642
4645
4646
4647
4644
4645
4646
4646
4650
4651
4649
4651
4649
4652
4653
4654
4651
4652
4653
4653
4657
4658
4656
4658
4656
4659
4660
4696
4658
4659
4660
4660
4697
4698
4663
4665
4663
4666
4667
4665
4666
4667
4669
4667
4671
4673
4670
4672
4670
4673
4674
4676
4672
4673
4674
4678
4674
4680
4677
4679
4677
4680
4681
4683
4679
4680
4681
4685
4681
4687
4684
4686
4684
4687
4688
4690
4686
4687
4688
4692
4688
4694
4691
4693
4691
4694
4695
4773
4693
4694
4695
4774
4695
4775
4698
4700
4698
4701
4702
4703
4850
4700
4701
4702
4706
4702
4851
4707
4852
4705
4707
4705
4708
4709
4711
4707
4708
4709
4709
4713
4715
4712
4714
4712
4715
4716
4718
4714
4715
4716
4720
4716
4722
4719
4721
4719
4722
4723
4725
4721
4722
4723
4727
4723
4729
4726
4728
4726
4729
4730
4732
4728
4729
4730
4734
4730
4736
4733
4735
4733
4736
4737
4739
4735
4736
4737
4741
4737
4743
4740
4742
4740
4743
4744
4746
4742
4743
4744
4748
4744
4750
4747
4749
4747
4750
4751
4753
4749
4750
4751
4755
4751
4757
4754
4756
4754
4757
4758
4760
4756
4757
4758
4762
4758
4764
4761
4763
4761
4764
4765
4767
4763
4764
4765
4769
4765
4771
4768
4770
4768
4771
4772
4773
4770
4771
4772
4776
4772
4777
4775
4777
4775
4778
4779
4885
4777
4778
4779
4886
4779
4887
4782
4784
4782
4785
4786
4784
4785
4786
4787
4786
4788
4789
4789
4791
4789
4792
4793
4791
4792
4793
4794
4793
4795
4796
4796
4798
4796
4799
4800
4798
4799
4800
4801
4800
4802
4803
4803
4805
4803
4806
4807
4805
4806
4807
4808
4807
4809
4810
4810
4812
4810
4813
4814
4812
4813
4814
4920
4814
4921
4922
4817
4819
4817
4820
4821
4819
4820
4821
4822
4821
4825
4826
4824
4826
4824
4827
4828
4829
4826
4827
4828
4828
4832
4833
4831
4833
4831
4834
4835
4836
4833
4834
4835
4835
4839
4840
4838
4840
4838
4841
4842
4843
4840
4841
4842
4842
4846
4847
4845
4847
4845
4848
4849
4997
4847
4848
4849
4849
4998
4999
4852
4854
4852
4855
4856
4854
4855
4856
4857
4856
4860
4861
4859
4861
4859
4862
4863
4864
4861
4862
4863
4863
4867
4868
4866
4868
4866
4869
4870
4871
4868
4869
4870
4870
4874
4875
4873
4875
4873
4876
4877
4878
4875
4876
4877
4877
4881
4882
4880
4882
4880
4883
4884
5074
4882
4883
4884
4884
5075
5076
4887
4889
4887
4890
4891
4889
4890
4891
4893
4891
4895
4897
4894
4896
4894
4897
4898
4900
4896
4897
4898
4902
4898
4904
4901
4903
4901
4904
4905
4907
4903
4904
4905
4909
4905
4911
4908
4910
4908
4911
4912
4914
4910
4911
4912
4916
4912
4918
4915
4917
4915
4918
4919
5151
4917
4918
4919
5152
4919
5153
4922
4924
4922
4925
4926
4927
5004
4924
4925
4926
4930
4926
5007
4931
5008
4929
4931
4929
4932
4933
4935
4931
4932
4933
4933
4937
4939
4936
4938
4936
4939
4940
4942
4938
4939
4940
4944
4940
4946
4943
4945
4943
4946
4947
4949
4945
4946
4947
4951
4947
4953
4950
4952
4950
4953
4954
4956
4952
4953
4954
4958
4954
4960
4957
4959
4957
4960
4961
4963
4959
4960
4961
4965
4961
4967
4964
4966
4964
4967
4968
4970
4966
4967
4968
4972
4968
4974
4971
4973
4971
4974
4975
4977
4973
4974
4975
4979
4975
4981
4978
4980
4978
4981
4982
4984
4980
4981
4982
4986
4982
4988
4985
4987
4985
4988
4989
4991
4987
4988
4989
4993
4989
4995
4992
4994
4992
4995
4996
4997
4994
4995
4996
5000
4996
5001
4999
5001
4999
5002
5003
5039
5001
5002
5003
5042
5003
5043
5006
5008
5006
5009
5010
5011
5008
5009
5010
5010
5014
5015
5013
5015
5013
5016
5017
5018
5015
5016
5017
5017
5021
5022
5020
5022
5020
5023
5024
5025
5022
5023
5024
5024
5028
5029
5027
5029
5027
5030
5031
5032
5029
5030
5031
5031
5035
5036
5034
5036
5034
5037
5038
5074
5036
5037
5038
5038
5077
5078
5041
5043
5041
5044
5045
5047
5043
5044
5045
5045
5049
5051
5048
5050
5048
5051
5052
5054
5050
5051
5052
5056
5052
5058
5055
5057
5055
5058
5059
5061
5057
5058
5059
5063
5059
5065
5062
5064
5062
5065
5066
5068
5064
5065
5066
5070
5066
5072
5069
5071
5069
5072
5073
5151
5071
5072
5073
5154
5073
5155
5076
5078
5076
5079
5080
5082
5078
5079
5080
5084
5080
5086
5083
5085
5083
5086
5087
5089
5085
5086
5087
5091
5087
5093
5090
5092
5090
5093
5094
5096
5092
5093
5094
5098
5094
5100
5097
5099
5097
5100
5101
5103
5099
5100
5101
5105
5101
5107
5104
5106
5104
5107
5108
5110
5106
5107
5108
5112
5108
5114
5111
5113
5111
5114
5115
5117
5113
5114
5115
5119
5115
5121
5118
5120
5118
5121
5122
5124
5120
5121
5122
5126
5122
5128
5125
5127
5125
5128
5129
5131
5127
5128
5129
5133
5129
5135
5132
5134
5132
5135
5136
5138
5134
5135
5136
5140
5136
5142
5139
5141
5139
5142
5143
5145
5141
5142
5143
5147
5143
5149
5146
5148
5146
5149
5150
5152
5148
5149
5150
5154
5150
5156
5153
5155
5153
5156
5157
5155
5156
5157
5157
)


// ************************************************************************* //
