/*--------------------------------*- C++ -*----------------------------------*\
| =========                 |                                                 |
| \\      /  F ield         | OpenFOAM: The Open Source CFD Toolbox           |
|  \\    /   O peration     | Version:  2.3.x                                 |
|   \\  /    A nd           | Web:      www.OpenFOAM.org                      |
|    \\/     M anipulation  |                                                 |
\*---------------------------------------------------------------------------*/
FoamFile
{
    version     2.0;
    format      ascii;
    class       faceList;
    location    "constant/solid1/polyMesh";
    object      faces;
}
// * * * * * * * * * * * * * * * * * * * * * * * * * * * * * * * * * * * * * //


2814
(
4(843 314 818 216)
4(818 315 868 216)
4(868 316 843 216)
4(1 319 893 318)
4(844 317 819 217)
4(819 318 893 217)
4(893 319 844 217)
4(2 322 896 321)
4(845 320 820 218)
4(820 321 896 218)
4(896 322 845 218)
4(3 325 899 324)
4(846 323 821 219)
4(821 324 899 219)
4(899 325 846 219)
4(4 328 902 327)
4(847 326 822 220)
4(822 327 902 220)
4(902 328 847 220)
4(6 332 894 333)
4(823 331 869 221)
4(894 332 823 221)
4(869 333 894 221)
4(11 345 897 347)
4(11 347 908 346)
4(897 345 824 222)
4(824 346 908 222)
4(908 347 897 222)
4(12 348 900 350)
4(12 350 911 349)
4(900 348 825 223)
4(825 349 911 223)
4(911 350 900 223)
4(13 351 903 353)
4(13 353 914 352)
4(903 351 826 224)
4(826 352 914 224)
4(914 353 903 224)
4(14 354 906 356)
4(14 356 917 355)
4(906 354 827 225)
4(827 355 917 225)
4(917 356 906 225)
4(7 335 909 336)
4(828 334 870 226)
4(909 335 828 226)
4(870 336 909 226)
4(16 359 912 361)
4(16 361 923 360)
4(912 359 829 227)
4(829 360 923 227)
4(923 361 912 227)
4(17 362 915 364)
4(17 364 926 363)
4(915 362 830 228)
4(830 363 926 228)
4(926 364 915 228)
4(18 365 918 367)
4(18 367 929 366)
4(918 365 831 229)
4(831 366 929 229)
4(929 367 918 229)
4(19 368 921 370)
4(19 370 932 369)
4(921 368 832 230)
4(832 369 932 230)
4(932 370 921 230)
4(8 338 924 339)
4(833 337 871 231)
4(924 338 833 231)
4(871 339 924 231)
4(21 373 927 375)
4(21 375 938 374)
4(927 373 834 232)
4(834 374 938 232)
4(938 375 927 232)
4(22 376 930 378)
4(22 378 941 377)
4(930 376 835 233)
4(835 377 941 233)
4(941 378 930 233)
4(23 379 933 381)
4(23 381 944 380)
4(933 379 836 234)
4(836 380 944 234)
4(944 381 933 234)
4(24 382 936 384)
4(24 384 947 383)
4(936 382 837 235)
4(837 383 947 235)
4(947 384 936 235)
4(9 341 939 342)
4(838 340 872 236)
4(939 341 838 236)
4(872 342 939 236)
4(26 387 942 389)
4(26 389 953 388)
4(942 387 839 237)
4(839 388 953 237)
4(953 389 942 237)
4(27 390 945 392)
4(27 392 956 391)
4(945 390 840 238)
4(840 391 956 238)
4(956 392 945 238)
4(28 393 948 395)
4(28 395 959 394)
4(948 393 841 239)
4(841 394 959 239)
4(959 395 948 239)
4(29 396 951 398)
4(29 398 962 397)
4(951 396 842 240)
4(842 397 962 240)
4(962 398 951 240)
4(36 412 895 411)
4(873 410 848 241)
4(848 411 895 241)
4(895 412 873 241)
4(41 426 898 424)
4(41 425 968 426)
4(849 424 898 242)
4(968 425 849 242)
4(898 426 968 242)
4(42 429 901 427)
4(42 428 971 429)
4(850 427 901 243)
4(971 428 850 243)
4(901 429 971 243)
4(43 432 904 430)
4(43 431 974 432)
4(851 430 904 244)
4(974 431 851 244)
4(904 432 974 244)
4(44 435 907 433)
4(44 434 977 435)
4(852 433 907 245)
4(977 434 852 245)
4(907 435 977 245)
4(66 489 910 491)
4(66 491 969 490)
4(910 489 874 246)
4(874 490 969 246)
4(969 491 910 246)
6(92 558 97 122 117 559)
6(96 570 121 122 97 568)
6(116 615 117 122 121 616)
4(91 555 913 554)
4(92 554 913 558)
4(96 568 913 555)
4(97 558 913 568)
4(91 554 972 556)
4(92 559 972 554)
4(116 556 972 615)
4(117 615 972 559)
4(91 556 983 555)
4(96 555 983 570)
4(116 616 983 556)
4(121 570 983 616)
6(93 561 98 123 118 562)
5(97 122 123 98 571)
5(117 618 118 123 122)
4(92 558 916 557)
4(93 557 916 561)
4(97 571 916 558)
4(98 561 916 571)
4(92 557 975 559)
4(93 562 975 557)
4(117 559 975 618)
4(118 618 975 562)
4(94 564 986 565)
6(98 123 124 577 99 573)
6(118 620 119 623 124 123)
4(93 561 919 560)
4(94 560 919 564)
4(98 573 919 561)
4(99 564 919 573)
4(93 560 978 562)
4(94 565 978 560)
4(118 562 978 620)
4(119 620 978 565)
4(99 577 986 564)
4(119 565 986 623)
4(124 623 986 577)
4(94 564 922 563)
4(94 563 981 565)
4(981 563 922 247)
4(922 564 986 247)
4(986 565 981 247)
4(67 492 925 494)
4(67 494 984 493)
4(925 492 875 248)
4(875 493 984 248)
4(984 494 925 248)
5(97 572 102 127 122)
6(101 582 126 127 102 580)
5(121 122 127 126 627)
4(96 569 928 568)
4(97 568 928 572)
4(101 580 928 569)
4(102 572 928 580)
4(96 570 990 569)
4(101 569 990 582)
4(121 627 990 570)
4(126 582 990 627)
5(98 574 103 128 123)
5(102 127 128 103 583)
4(122 123 128 127)
4(97 572 931 571)
4(98 571 931 574)
4(102 583 931 572)
4(103 574 931 583)
4(99 576 993 577)
6(103 128 129 589 104 585)
5(123 124 630 129 128)
4(98 574 934 573)
4(99 573 934 576)
4(103 585 934 574)
4(104 576 934 585)
4(104 589 993 576)
4(124 577 993 630)
4(129 630 993 589)
4(99 576 937 575)
4(99 575 988 577)
4(988 575 937 249)
4(937 576 993 249)
4(993 577 988 249)
4(68 495 940 497)
4(68 497 991 496)
4(940 495 876 250)
4(876 496 991 250)
4(991 497 940 250)
6(102 584 107 597 132 127)
4(106 594 1000 592)
6(126 127 132 641 131 634)
4(101 581 943 580)
4(102 580 943 584)
4(106 592 943 581)
4(107 584 943 592)
4(101 582 997 581)
4(106 581 997 594)
4(126 634 997 582)
4(131 594 997 634)
4(107 592 1000 597)
4(131 641 1000 594)
4(132 597 1000 641)
6(103 586 108 600 133 128)
4(107 597 1001 595)
5(127 128 133 644 132)
4(102 584 946 583)
4(103 583 946 586)
4(107 595 946 584)
4(108 586 946 595)
4(108 595 1001 600)
4(132 644 1001 597)
4(133 600 1001 644)
4(104 588 1002 589)
4(108 600 1003 598)
6(128 129 637 134 647 133)
4(103 586 949 585)
4(104 585 949 588)
4(108 598 949 586)
4(109 588 949 598)
4(109 603 1002 588)
4(129 589 1002 637)
4(134 637 1002 603)
4(109 598 1003 603)
4(133 647 1003 600)
4(134 603 1003 647)
4(104 588 952 587)
4(104 587 995 589)
4(995 587 952 251)
4(952 588 1002 251)
4(1002 589 995 251)
4(69 498 954 500)
4(69 500 998 499)
4(954 498 877 252)
4(877 499 998 252)
4(998 500 954 252)
4(106 593 957 592)
4(106 594 1007 593)
4(1000 592 957 253)
4(957 593 1007 253)
4(1007 594 1000 253)
4(107 596 960 595)
4(107 597 1010 596)
4(1001 595 960 254)
4(960 596 1010 254)
4(1010 597 1001 254)
4(108 599 963 598)
4(108 600 1013 599)
4(1003 598 963 255)
4(963 599 1013 255)
4(1013 600 1003 255)
4(109 602 966 601)
4(109 601 1005 603)
4(109 603 1016 602)
4(1005 601 966 256)
4(966 602 1016 256)
4(1016 603 1005 256)
4(37 415 970 414)
4(878 413 853 257)
4(853 414 970 257)
4(970 415 878 257)
4(46 440 973 438)
4(46 439 1022 440)
4(854 438 973 258)
4(1022 439 854 258)
4(973 440 1022 258)
4(47 443 976 441)
4(47 442 1025 443)
4(855 441 976 259)
4(1025 442 855 259)
4(976 443 1025 259)
4(48 446 979 444)
4(48 445 1028 446)
4(856 444 979 260)
4(1028 445 856 260)
4(979 446 1028 260)
4(49 449 982 447)
4(49 448 1031 449)
4(857 447 982 261)
4(1031 448 857 261)
4(982 449 1031 261)
4(71 503 985 505)
4(71 505 1023 504)
4(985 503 879 262)
4(879 504 1023 262)
4(1023 505 985 262)
5(117 122 147 142 619)
5(121 628 146 147 122)
6(141 664 142 147 146 665)
4(116 615 1026 617)
4(117 619 1026 615)
4(141 617 1026 664)
4(142 664 1026 619)
4(116 617 1037 616)
4(121 616 1037 628)
4(141 665 1037 617)
4(146 628 1037 665)
5(118 123 148 143 621)
4(122 147 148 123)
5(142 667 143 148 147)
4(117 618 1029 619)
4(118 621 1029 618)
4(142 619 1029 667)
4(143 667 1029 621)
4(119 623 1040 624)
5(123 148 149 631 124)
6(143 669 144 672 149 148)
4(118 620 1032 621)
4(119 624 1032 620)
4(143 621 1032 669)
4(144 669 1032 624)
4(124 631 1040 623)
4(144 624 1040 672)
4(149 672 1040 631)
4(119 623 989 622)
4(119 622 1035 624)
4(1035 622 989 263)
4(989 623 1040 263)
4(1040 624 1035 263)
4(72 506 992 508)
4(72 508 1038 507)
4(992 506 880 264)
4(880 507 1038 264)
4(1038 508 992 264)
4(122 127 152 147)
5(126 635 151 152 127)
5(146 147 152 151 676)
4(121 628 1044 627)
4(126 627 1044 635)
4(146 676 1044 628)
4(151 635 1044 676)
4(123 128 153 148)
4(127 152 153 128)
4(147 148 153 152)
4(124 630 1047 631)
5(128 153 154 638 129)
5(148 149 679 154 153)
4(129 638 1047 630)
4(149 631 1047 679)
4(154 679 1047 638)
4(124 630 996 629)
4(124 629 1042 631)
4(1042 629 996 265)
4(996 630 1047 265)
4(1047 631 1042 265)
4(73 509 999 511)
4(73 511 1045 510)
4(999 509 881 266)
4(881 510 1045 266)
4(1045 511 999 266)
5(127 132 646 157 152)
4(131 643 1054 641)
6(151 152 157 690 156 683)
4(126 635 1051 634)
4(131 634 1051 643)
4(151 683 1051 635)
4(156 643 1051 683)
4(132 641 1054 646)
4(156 690 1054 643)
4(157 646 1054 690)
5(128 133 649 158 153)
4(132 646 1055 644)
5(152 153 158 693 157)
4(133 644 1055 649)
4(157 693 1055 646)
4(158 649 1055 693)
4(129 637 1056 638)
4(133 649 1057 647)
6(153 154 686 159 696 158)
4(134 652 1056 637)
4(154 638 1056 686)
4(159 686 1056 652)
4(134 647 1057 652)
4(158 696 1057 649)
4(159 652 1057 696)
4(129 637 1006 636)
4(129 636 1049 638)
4(1049 636 1006 267)
4(1006 637 1056 267)
4(1056 638 1049 267)
4(74 512 1008 514)
4(74 514 1052 513)
4(1008 512 882 268)
4(882 513 1052 268)
4(1052 514 1008 268)
4(131 642 1011 641)
4(131 643 1061 642)
4(1054 641 1011 269)
4(1011 642 1061 269)
4(1061 643 1054 269)
4(132 645 1014 644)
4(132 646 1064 645)
4(1055 644 1014 270)
4(1014 645 1064 270)
4(1064 646 1055 270)
4(133 648 1017 647)
4(133 649 1067 648)
4(1057 647 1017 271)
4(1017 648 1067 271)
4(1067 649 1057 271)
4(134 651 1020 650)
4(134 650 1059 652)
4(134 652 1070 651)
4(1059 650 1020 272)
4(1020 651 1070 272)
4(1070 652 1059 272)
4(38 418 1024 417)
4(883 416 858 273)
4(858 417 1024 273)
4(1024 418 883 273)
4(51 454 1027 452)
4(51 453 1076 454)
4(859 452 1027 274)
4(1076 453 859 274)
4(1027 454 1076 274)
4(52 457 1030 455)
4(52 456 1079 457)
4(860 455 1030 275)
4(1079 456 860 275)
4(1030 457 1079 275)
4(53 460 1033 458)
4(53 459 1082 460)
4(861 458 1033 276)
4(1082 459 861 276)
4(1033 460 1082 276)
4(54 463 1036 461)
4(54 462 1085 463)
4(862 461 1036 277)
4(1085 462 862 277)
4(1036 463 1085 277)
4(76 517 1039 519)
4(76 519 1077 518)
4(1039 517 884 278)
4(884 518 1077 278)
4(1077 519 1039 278)
6(142 147 172 717 167 668)
6(146 677 171 727 172 147)
4(166 713 1094 714)
4(141 664 1080 666)
4(142 668 1080 664)
4(166 666 1080 713)
4(167 713 1080 668)
4(141 666 1091 665)
4(146 665 1091 677)
4(166 714 1091 666)
4(171 677 1091 714)
4(167 717 1094 713)
4(171 714 1094 727)
4(172 727 1094 717)
6(143 148 173 720 168 670)
5(147 172 730 173 148)
4(167 716 1095 717)
4(142 667 1083 668)
4(143 670 1083 667)
4(167 668 1083 716)
4(168 716 1083 670)
4(168 720 1095 716)
4(172 717 1095 730)
4(173 730 1095 720)
4(144 672 1096 673)
6(148 173 733 174 680 149)
4(168 719 1097 720)
4(143 669 1086 670)
4(144 673 1086 669)
4(168 670 1086 719)
4(169 719 1086 673)
4(149 680 1096 672)
4(169 673 1096 723)
4(174 723 1096 680)
4(169 723 1097 719)
4(173 720 1097 733)
4(174 733 1097 723)
4(144 672 1043 671)
4(144 671 1089 673)
4(1089 671 1043 279)
4(1043 672 1096 279)
4(1096 673 1089 279)
4(77 520 1046 522)
4(77 522 1092 521)
4(1046 520 885 280)
4(885 521 1092 280)
4(1092 522 1046 280)
5(147 152 177 731 172)
6(151 684 176 741 177 152)
4(171 727 1104 728)
4(146 677 1101 676)
4(151 676 1101 684)
4(171 728 1101 677)
4(176 684 1101 728)
4(172 731 1104 727)
4(176 728 1104 741)
4(177 741 1104 731)
5(148 153 178 734 173)
5(152 177 744 178 153)
4(172 730 1105 731)
4(173 734 1105 730)
4(177 731 1105 744)
4(178 744 1105 734)
4(149 679 1106 680)
6(153 178 747 179 687 154)
4(173 733 1107 734)
4(154 687 1106 679)
4(174 680 1106 737)
4(179 737 1106 687)
4(174 737 1107 733)
4(178 734 1107 747)
4(179 747 1107 737)
4(149 679 1050 678)
4(149 678 1099 680)
4(1099 678 1050 281)
4(1050 679 1106 281)
4(1106 680 1099 281)
4(78 523 1053 525)
4(78 525 1102 524)
4(1053 523 886 282)
4(886 524 1102 282)
4(1102 525 1053 282)
6(152 157 695 182 745 177)
4(156 692 1114 690)
4(176 741 1115 742)
4(151 684 1111 683)
4(156 683 1111 692)
4(176 742 1111 684)
4(181 692 1111 742)
4(157 690 1114 695)
4(181 755 1114 692)
4(182 695 1114 755)
4(177 745 1115 741)
4(181 742 1115 755)
4(182 755 1115 745)
6(153 158 698 183 748 178)
4(157 695 1116 693)
4(177 744 1117 745)
4(158 693 1116 698)
4(182 758 1116 695)
4(183 698 1116 758)
4(178 748 1117 744)
4(182 745 1117 758)
4(183 758 1117 748)
4(154 686 1118 687)
4(158 698 1119 696)
4(178 747 1120 748)
4(159 701 1118 686)
4(179 687 1118 751)
4(184 751 1118 701)
4(159 696 1119 701)
4(183 761 1119 698)
4(184 701 1119 761)
4(179 751 1120 747)
4(183 748 1120 761)
4(184 761 1120 751)
4(154 686 1060 685)
4(154 685 1109 687)
4(1109 685 1060 283)
4(1060 686 1118 283)
4(1118 687 1109 283)
4(79 526 1062 528)
4(79 528 1112 527)
4(1062 526 887 284)
4(887 527 1112 284)
4(1112 528 1062 284)
4(156 691 1065 690)
4(156 692 1124 691)
4(1114 690 1065 285)
4(1065 691 1124 285)
4(1124 692 1114 285)
4(157 694 1068 693)
4(157 695 1127 694)
4(1116 693 1068 286)
4(1068 694 1127 286)
4(1127 695 1116 286)
4(158 697 1071 696)
4(158 698 1130 697)
4(1119 696 1071 287)
4(1071 697 1130 287)
4(1130 698 1119 287)
4(159 700 1074 699)
4(159 699 1122 701)
4(159 701 1133 700)
4(1122 699 1074 288)
4(1074 700 1133 288)
4(1133 701 1122 288)
4(39 421 1078 420)
4(888 419 863 289)
4(863 420 1078 289)
4(1078 421 888 289)
4(56 468 1081 466)
4(56 467 1139 468)
4(864 466 1081 290)
4(1139 467 864 290)
4(1081 468 1139 290)
4(57 471 1084 469)
4(57 470 1142 471)
4(865 469 1084 291)
4(1142 470 865 291)
4(1084 471 1142 291)
4(58 474 1087 472)
4(58 473 1145 474)
4(866 472 1087 292)
4(1145 473 866 292)
4(1087 474 1145 292)
4(59 477 1090 475)
4(59 476 1148 477)
4(867 475 1090 293)
4(1148 476 867 293)
4(1090 477 1148 293)
4(81 531 1093 533)
4(81 533 1140 532)
4(1093 531 889 294)
4(889 532 1140 294)
4(1140 533 1093 294)
4(166 713 1143 715)
4(166 715 1154 714)
4(1143 713 1094 295)
4(1094 714 1154 295)
4(1154 715 1143 295)
4(167 716 1146 718)
4(167 718 1157 717)
4(1146 716 1095 296)
4(1095 717 1157 296)
4(1157 718 1146 296)
4(168 719 1149 721)
4(168 721 1160 720)
4(1149 719 1097 297)
4(1097 720 1160 297)
4(1160 721 1149 297)
4(169 723 1100 722)
4(169 722 1152 724)
4(169 724 1163 723)
4(1152 722 1100 298)
4(1100 723 1163 298)
4(1163 724 1152 298)
4(82 534 1103 536)
4(82 536 1155 535)
4(1103 534 890 299)
4(890 535 1155 299)
4(1155 536 1103 299)
4(171 727 1158 729)
4(171 729 1169 728)
4(1158 727 1104 300)
4(1104 728 1169 300)
4(1169 729 1158 300)
4(172 730 1161 732)
4(172 732 1172 731)
4(1161 730 1105 301)
4(1105 731 1172 301)
4(1172 732 1161 301)
4(173 733 1164 735)
4(173 735 1175 734)
4(1164 733 1107 302)
4(1107 734 1175 302)
4(1175 735 1164 302)
4(174 737 1110 736)
4(174 736 1167 738)
4(174 738 1178 737)
4(1167 736 1110 303)
4(1110 737 1178 303)
4(1178 738 1167 303)
4(83 537 1113 539)
4(83 539 1170 538)
4(1113 537 891 304)
4(891 538 1170 304)
4(1170 539 1113 304)
4(176 741 1173 743)
4(176 743 1184 742)
4(1173 741 1115 305)
4(1115 742 1184 305)
4(1184 743 1173 305)
4(177 744 1176 746)
4(177 746 1187 745)
4(1176 744 1117 306)
4(1117 745 1187 306)
4(1187 746 1176 306)
4(178 747 1179 749)
4(178 749 1190 748)
4(1179 747 1120 307)
4(1120 748 1190 307)
4(1190 749 1179 307)
4(179 751 1123 750)
4(179 750 1182 752)
4(179 752 1193 751)
4(1182 750 1123 308)
4(1123 751 1193 308)
4(1193 752 1182 308)
4(84 540 1125 542)
4(84 542 1185 541)
4(1125 540 892 309)
4(892 541 1185 309)
4(1185 542 1125 309)
4(181 756 1128 755)
4(181 755 1188 757)
4(181 757 1199 756)
4(1188 755 1128 310)
4(1128 756 1199 310)
4(1199 757 1188 310)
4(182 759 1131 758)
4(182 758 1191 760)
4(182 760 1202 759)
4(1191 758 1131 311)
4(1131 759 1202 311)
4(1202 760 1191 311)
4(183 762 1134 761)
4(183 761 1194 763)
4(183 763 1205 762)
4(1194 761 1134 312)
4(1134 762 1205 312)
4(1205 763 1194 312)
4(184 765 1137 764)
4(184 764 1197 766)
4(184 766 1208 765)
4(1197 764 1137 313)
4(1137 765 1208 313)
4(1208 766 1197 313)
4(893 318 818 216)
4(893 216 843 319)
4(894 216 818 332)
4(894 333 868 216)
4(894 216 893 347)
4(11 347 893 318)
4(11 332 894 347)
4(895 411 843 216)
4(895 216 868 412)
4(895 426 893 216)
4(41 319 893 426)
4(41 426 895 411)
4(895 216 894 491)
4(66 491 894 333)
4(66 412 895 491)
4(91 426 893 347)
4(91 347 894 491)
4(91 491 895 426)
4(896 321 819 217)
4(896 217 844 322)
4(897 217 819 345)
4(897 347 893 217)
4(897 217 896 350)
4(12 350 896 321)
4(12 345 897 350)
4(898 424 844 217)
4(898 217 893 426)
4(898 429 896 217)
4(42 322 896 429)
4(42 429 898 424)
4(898 217 897 554)
4(91 554 897 347)
4(91 426 898 554)
4(92 429 896 350)
4(92 350 897 554)
4(92 554 898 429)
4(899 324 820 218)
4(899 218 845 325)
4(900 218 820 348)
4(900 350 896 218)
4(900 218 899 353)
4(13 353 899 324)
4(13 348 900 353)
4(901 427 845 218)
4(901 218 896 429)
4(901 432 899 218)
4(43 325 899 432)
4(43 432 901 427)
4(901 218 900 557)
4(92 557 900 350)
4(92 429 901 557)
4(93 432 899 353)
4(93 353 900 557)
4(93 557 901 432)
4(902 327 821 219)
4(902 219 846 328)
4(903 219 821 351)
4(903 353 899 219)
4(903 219 902 356)
4(14 356 902 327)
4(14 351 903 356)
4(904 430 846 219)
4(904 219 899 432)
4(904 435 902 219)
4(44 328 902 435)
4(44 435 904 430)
4(904 219 903 560)
4(93 560 903 353)
4(93 432 904 560)
4(94 435 902 356)
4(94 356 903 560)
4(94 560 904 435)
4(905 329 822 220)
4(905 220 847 330)
4(906 220 822 354)
4(906 356 902 220)
4(906 220 905 358)
4(15 354 906 358)
4(907 433 847 220)
4(907 220 902 435)
4(907 437 905 220)
4(45 437 907 433)
4(907 220 906 563)
4(94 563 906 356)
4(94 435 907 563)
4(95 358 906 563)
4(95 563 907 437)
4(909 221 823 335)
4(909 336 869 221)
4(908 346 823 221)
4(908 221 894 347)
4(909 221 908 361)
4(16 361 908 346)
4(16 335 909 361)
4(910 221 869 489)
4(910 491 894 221)
4(910 221 909 494)
4(67 494 909 336)
4(67 489 910 494)
4(910 555 908 221)
4(91 347 908 555)
4(91 555 910 491)
4(96 555 908 361)
4(96 361 909 494)
4(96 494 910 555)
4(911 349 824 222)
4(911 222 897 350)
4(912 222 824 359)
4(912 361 908 222)
4(912 222 911 364)
4(17 364 911 349)
4(17 359 912 364)
4(913 554 897 222)
4(913 222 908 555)
4(913 558 911 222)
4(92 350 911 558)
4(913 222 912 568)
4(96 568 912 361)
4(97 558 911 364)
4(97 364 912 568)
4(914 352 825 223)
4(914 223 900 353)
4(915 223 825 362)
4(915 364 911 223)
4(915 223 914 367)
4(18 367 914 352)
4(18 362 915 367)
4(916 557 900 223)
4(916 223 911 558)
4(916 561 914 223)
4(93 353 914 561)
4(916 223 915 571)
4(97 571 915 364)
4(98 561 914 367)
4(98 367 915 571)
4(917 355 826 224)
4(917 224 903 356)
4(918 224 826 365)
4(918 367 914 224)
4(918 224 917 370)
4(19 370 917 355)
4(19 365 918 370)
4(919 560 903 224)
4(919 224 914 561)
4(919 564 917 224)
4(94 356 917 564)
4(919 224 918 573)
4(98 573 918 367)
4(99 564 917 370)
4(99 370 918 573)
4(920 357 827 225)
4(920 225 906 358)
4(921 225 827 368)
4(921 370 917 225)
4(921 225 920 372)
4(20 368 921 372)
4(922 563 906 225)
4(922 225 917 564)
4(922 566 920 225)
4(95 566 922 563)
4(922 225 921 575)
4(99 575 921 370)
4(99 564 922 575)
4(100 372 921 575)
4(100 575 922 566)
4(924 226 828 338)
4(924 339 870 226)
4(923 360 828 226)
4(923 226 909 361)
4(924 226 923 375)
4(21 375 923 360)
4(21 338 924 375)
4(925 226 870 492)
4(925 494 909 226)
4(925 226 924 497)
4(68 497 924 339)
4(68 492 925 497)
4(925 569 923 226)
4(96 361 923 569)
4(96 569 925 494)
4(101 569 923 375)
4(101 375 924 497)
4(101 497 925 569)
4(926 363 829 227)
4(926 227 912 364)
4(927 227 829 373)
4(927 375 923 227)
4(927 227 926 378)
4(22 378 926 363)
4(22 373 927 378)
4(928 568 912 227)
4(928 227 923 569)
4(928 572 926 227)
4(97 364 926 572)
4(928 227 927 580)
4(101 580 927 375)
4(102 572 926 378)
4(102 378 927 580)
4(929 366 830 228)
4(929 228 915 367)
4(930 228 830 376)
4(930 378 926 228)
4(930 228 929 381)
4(23 381 929 366)
4(23 376 930 381)
4(931 571 915 228)
4(931 228 926 572)
4(931 574 929 228)
4(98 367 929 574)
4(931 228 930 583)
4(102 583 930 378)
4(103 574 929 381)
4(103 381 930 583)
4(932 369 831 229)
4(932 229 918 370)
4(933 229 831 379)
4(933 381 929 229)
4(933 229 932 384)
4(24 384 932 369)
4(24 379 933 384)
4(934 573 918 229)
4(934 229 929 574)
4(934 576 932 229)
4(99 370 932 576)
4(934 229 933 585)
4(103 585 933 381)
4(104 576 932 384)
4(104 384 933 585)
4(935 371 832 230)
4(935 230 921 372)
4(936 230 832 382)
4(936 384 932 230)
4(936 230 935 386)
4(25 382 936 386)
4(937 575 921 230)
4(937 230 932 576)
4(937 578 935 230)
4(100 578 937 575)
4(937 230 936 587)
4(104 587 936 384)
4(104 576 937 587)
4(105 386 936 587)
4(105 587 937 578)
4(939 231 833 341)
4(939 342 871 231)
4(938 374 833 231)
4(938 231 924 375)
4(939 231 938 389)
4(26 389 938 374)
4(26 341 939 389)
4(940 231 871 495)
4(940 497 924 231)
4(940 231 939 500)
4(69 500 939 342)
4(69 495 940 500)
4(940 581 938 231)
4(101 375 938 581)
4(101 581 940 497)
4(106 581 938 389)
4(106 389 939 500)
4(106 500 940 581)
4(941 377 834 232)
4(941 232 927 378)
4(942 232 834 387)
4(942 389 938 232)
4(942 232 941 392)
4(27 392 941 377)
4(27 387 942 392)
4(943 580 927 232)
4(943 232 938 581)
4(943 584 941 232)
4(102 378 941 584)
4(943 232 942 592)
4(106 592 942 389)
4(107 584 941 392)
4(107 392 942 592)
4(944 380 835 233)
4(944 233 930 381)
4(945 233 835 390)
4(945 392 941 233)
4(945 233 944 395)
4(28 395 944 380)
4(28 390 945 395)
4(946 583 930 233)
4(946 233 941 584)
4(946 586 944 233)
4(103 381 944 586)
4(946 233 945 595)
4(107 595 945 392)
4(108 586 944 395)
4(108 395 945 595)
4(947 383 836 234)
4(947 234 933 384)
4(948 234 836 393)
4(948 395 944 234)
4(948 234 947 398)
4(29 398 947 383)
4(29 393 948 398)
4(949 585 933 234)
4(949 234 944 586)
4(949 588 947 234)
4(104 384 947 588)
4(949 234 948 598)
4(108 598 948 395)
4(109 588 947 398)
4(109 398 948 598)
4(950 385 837 235)
4(950 235 936 386)
4(951 235 837 396)
4(951 398 947 235)
4(951 235 950 400)
4(30 396 951 400)
4(952 587 936 235)
4(952 235 947 588)
4(952 590 950 235)
4(105 590 952 587)
4(952 235 951 601)
4(109 601 951 398)
4(109 588 952 601)
4(110 400 951 601)
4(110 601 952 590)
4(955 236 838 343)
4(955 344 872 236)
4(953 388 838 236)
4(953 236 939 389)
4(955 236 953 402)
4(31 402 953 388)
4(954 236 872 498)
4(954 500 939 236)
4(955 502 954 236)
4(70 498 954 502)
4(954 593 953 236)
4(106 389 953 593)
4(106 593 954 500)
4(111 593 953 402)
4(111 502 954 593)
4(956 391 839 237)
4(956 237 942 392)
4(958 237 839 401)
4(958 402 953 237)
4(958 237 956 404)
4(32 404 956 391)
4(957 592 942 237)
4(957 237 953 593)
4(957 596 956 237)
4(107 392 956 596)
4(107 596 957 592)
4(958 606 957 237)
4(111 593 957 606)
4(112 596 956 404)
4(112 606 957 596)
4(959 394 840 238)
4(959 238 945 395)
4(961 238 840 403)
4(961 404 956 238)
4(961 238 959 406)
4(33 406 959 394)
4(960 595 945 238)
4(960 238 956 596)
4(960 599 959 238)
4(108 395 959 599)
4(108 599 960 595)
4(961 608 960 238)
4(112 596 960 608)
4(113 599 959 406)
4(113 608 960 599)
4(962 397 841 239)
4(962 239 948 398)
4(964 239 841 405)
4(964 406 959 239)
4(964 239 962 408)
4(34 408 962 397)
4(963 598 948 239)
4(963 239 959 599)
4(963 602 962 239)
4(109 398 962 602)
4(109 602 963 598)
4(964 610 963 239)
4(113 599 963 610)
4(114 602 962 408)
4(114 610 963 602)
4(965 399 842 240)
4(965 240 951 400)
4(967 240 842 407)
4(967 408 962 240)
4(967 240 965 409)
4(966 601 951 240)
4(966 240 962 602)
4(966 604 965 240)
4(110 604 966 601)
4(967 612 966 240)
4(114 602 966 612)
4(115 612 966 604)
4(970 414 848 241)
4(970 241 873 415)
4(968 241 848 425)
4(968 426 895 241)
4(970 440 968 241)
4(46 425 968 440)
4(46 440 970 414)
4(969 490 873 241)
4(969 241 895 491)
4(970 241 969 505)
4(71 505 969 490)
4(71 415 970 505)
4(969 241 968 556)
4(91 556 968 426)
4(91 491 969 556)
4(116 440 968 556)
4(116 556 969 505)
4(116 505 970 440)
4(971 242 849 428)
4(971 429 898 242)
4(973 438 849 242)
4(973 242 968 440)
4(973 443 971 242)
4(47 428 971 443)
4(47 443 973 438)
4(972 242 898 554)
4(972 556 968 242)
4(972 242 971 559)
4(92 559 971 429)
4(973 242 972 615)
4(116 440 973 615)
4(117 443 971 559)
4(117 615 973 443)
4(974 243 850 431)
4(974 432 901 243)
4(976 441 850 243)
4(976 243 971 443)
4(976 446 974 243)
4(48 431 974 446)
4(48 446 976 441)
4(975 243 901 557)
4(975 559 971 243)
4(975 243 974 562)
4(93 562 974 432)
4(976 243 975 618)
4(117 443 976 618)
4(118 446 974 562)
4(118 618 976 446)
4(977 244 851 434)
4(977 435 904 244)
4(979 444 851 244)
4(979 244 974 446)
4(979 449 977 244)
4(49 434 977 449)
4(49 449 979 444)
4(978 244 904 560)
4(978 562 974 244)
4(978 244 977 565)
4(94 565 977 435)
4(979 244 978 620)
4(118 446 979 620)
4(119 449 977 565)
4(119 620 979 449)
4(980 245 852 436)
4(980 437 907 245)
4(982 447 852 245)
4(982 245 977 449)
4(982 451 980 245)
4(50 451 982 447)
4(981 245 907 563)
4(981 565 977 245)
4(981 245 980 567)
4(95 563 981 567)
4(982 245 981 622)
4(119 622 981 565)
4(119 449 982 622)
4(120 567 981 622)
4(120 622 982 451)
4(984 493 874 246)
4(984 246 910 494)
4(985 246 874 503)
4(985 505 969 246)
4(985 246 984 508)
4(72 508 984 493)
4(72 503 985 508)
4(983 555 910 246)
4(983 246 969 556)
4(984 246 983 570)
4(96 494 984 570)
4(985 616 983 246)
4(116 616 985 505)
4(121 570 984 508)
4(121 508 985 616)
4(987 566 922 247)
4(987 247 981 567)
4(988 247 922 575)
4(988 577 986 247)
4(988 247 987 579)
4(100 575 988 579)
4(989 622 981 247)
4(989 247 986 623)
4(989 625 987 247)
4(120 625 989 622)
4(989 247 988 629)
4(124 629 988 577)
4(124 623 989 629)
4(125 579 988 629)
4(125 629 989 625)
4(991 496 875 248)
4(991 248 925 497)
4(992 248 875 506)
4(992 508 984 248)
4(992 248 991 511)
4(73 511 991 496)
4(73 506 992 511)
4(990 569 925 248)
4(990 248 984 570)
4(991 248 990 582)
4(101 497 991 582)
4(992 627 990 248)
4(121 627 992 508)
4(126 582 991 511)
4(126 511 992 627)
4(994 578 937 249)
4(994 249 988 579)
4(995 249 937 587)
4(995 589 993 249)
4(995 249 994 591)
4(105 587 995 591)
4(996 629 988 249)
4(996 249 993 630)
4(996 632 994 249)
4(125 632 996 629)
4(996 249 995 636)
4(129 636 995 589)
4(129 630 996 636)
4(130 591 995 636)
4(130 636 996 632)
4(998 499 876 250)
4(998 250 940 500)
4(999 250 876 509)
4(999 511 991 250)
4(999 250 998 514)
4(74 514 998 499)
4(74 509 999 514)
4(997 581 940 250)
4(997 250 991 582)
4(998 250 997 594)
4(106 500 998 594)
4(999 634 997 250)
4(126 634 999 511)
4(131 594 998 514)
4(131 514 999 634)
4(1004 590 952 251)
4(1004 251 995 591)
4(1005 251 952 601)
4(1005 603 1002 251)
4(1005 251 1004 605)
4(110 601 1005 605)
4(1006 636 995 251)
4(1006 251 1002 637)
4(1006 639 1004 251)
4(130 639 1006 636)
4(1006 251 1005 650)
4(134 650 1005 603)
4(134 637 1006 650)
4(135 605 1005 650)
4(135 650 1006 639)
4(1009 501 877 252)
4(1009 252 954 502)
4(1008 252 877 512)
4(1008 514 998 252)
4(1009 516 1008 252)
4(75 512 1008 516)
4(1007 593 954 252)
4(1007 252 998 594)
4(1009 252 1007 607)
4(111 607 1007 593)
4(1008 642 1007 252)
4(131 594 1007 642)
4(131 642 1008 514)
4(136 642 1007 607)
4(136 516 1008 642)
4(1010 596 957 253)
4(1010 253 1000 597)
4(1012 253 957 606)
4(1012 607 1007 253)
4(1012 253 1010 609)
4(112 609 1010 596)
4(1011 641 1000 253)
4(1011 253 1007 642)
4(1011 645 1010 253)
4(132 597 1010 645)
4(132 645 1011 641)
4(1012 655 1011 253)
4(136 642 1011 655)
4(137 645 1010 609)
4(137 655 1011 645)
4(1013 599 960 254)
4(1013 254 1001 600)
4(1015 254 960 608)
4(1015 609 1010 254)
4(1015 254 1013 611)
4(113 611 1013 599)
4(1014 644 1001 254)
4(1014 254 1010 645)
4(1014 648 1013 254)
4(133 600 1013 648)
4(133 648 1014 644)
4(1015 657 1014 254)
4(137 645 1014 657)
4(138 648 1013 611)
4(138 657 1014 648)
4(1016 602 963 255)
4(1016 255 1003 603)
4(1018 255 963 610)
4(1018 611 1013 255)
4(1018 255 1016 613)
4(114 613 1016 602)
4(1017 647 1003 255)
4(1017 255 1013 648)
4(1017 651 1016 255)
4(134 603 1016 651)
4(134 651 1017 647)
4(1018 659 1017 255)
4(138 648 1017 659)
4(139 651 1016 613)
4(139 659 1017 651)
4(1019 604 966 256)
4(1019 256 1005 605)
4(1021 256 966 612)
4(1021 613 1016 256)
4(1021 256 1019 614)
4(1020 650 1005 256)
4(1020 256 1016 651)
4(1020 653 1019 256)
4(135 653 1020 650)
4(1021 661 1020 256)
4(139 651 1020 661)
4(140 661 1020 653)
4(1024 417 853 257)
4(1024 257 878 418)
4(1022 257 853 439)
4(1022 440 970 257)
4(1024 454 1022 257)
4(51 439 1022 454)
4(51 454 1024 417)
4(1023 504 878 257)
4(1023 257 970 505)
4(1024 257 1023 519)
4(76 519 1023 504)
4(76 418 1024 519)
4(1023 257 1022 617)
4(116 617 1022 440)
4(116 505 1023 617)
4(141 454 1022 617)
4(141 617 1023 519)
4(141 519 1024 454)
4(1025 258 854 442)
4(1025 443 973 258)
4(1027 452 854 258)
4(1027 258 1022 454)
4(1027 457 1025 258)
4(52 442 1025 457)
4(52 457 1027 452)
4(1026 258 973 615)
4(1026 617 1022 258)
4(1026 258 1025 619)
4(117 619 1025 443)
4(1027 258 1026 664)
4(141 454 1027 664)
4(142 457 1025 619)
4(142 664 1027 457)
4(1028 259 855 445)
4(1028 446 976 259)
4(1030 455 855 259)
4(1030 259 1025 457)
4(1030 460 1028 259)
4(53 445 1028 460)
4(53 460 1030 455)
4(1029 259 976 618)
4(1029 619 1025 259)
4(1029 259 1028 621)
4(118 621 1028 446)
4(1030 259 1029 667)
4(142 457 1030 667)
4(143 460 1028 621)
4(143 667 1030 460)
4(1031 260 856 448)
4(1031 449 979 260)
4(1033 458 856 260)
4(1033 260 1028 460)
4(1033 463 1031 260)
4(54 448 1031 463)
4(54 463 1033 458)
4(1032 260 979 620)
4(1032 621 1028 260)
4(1032 260 1031 624)
4(119 624 1031 449)
4(1033 260 1032 669)
4(143 460 1033 669)
4(144 463 1031 624)
4(144 669 1033 463)
4(1034 261 857 450)
4(1034 451 982 261)
4(1036 461 857 261)
4(1036 261 1031 463)
4(1036 465 1034 261)
4(55 465 1036 461)
4(1035 261 982 622)
4(1035 624 1031 261)
4(1035 261 1034 626)
4(120 622 1035 626)
4(1036 261 1035 671)
4(144 671 1035 624)
4(144 463 1036 671)
4(145 626 1035 671)
4(145 671 1036 465)
4(1038 507 879 262)
4(1038 262 985 508)
4(1039 262 879 517)
4(1039 519 1023 262)
4(1039 262 1038 522)
4(77 522 1038 507)
4(77 517 1039 522)
4(1037 616 985 262)
4(1037 262 1023 617)
4(1038 262 1037 628)
4(121 508 1038 628)
4(1039 665 1037 262)
4(141 665 1039 519)
4(146 628 1038 522)
4(146 522 1039 665)
4(1041 625 989 263)
4(1041 263 1035 626)
4(1042 263 989 629)
4(1042 631 1040 263)
4(1042 263 1041 633)
4(125 629 1042 633)
4(1043 671 1035 263)
4(1043 263 1040 672)
4(1043 674 1041 263)
4(145 674 1043 671)
4(1043 263 1042 678)
4(149 678 1042 631)
4(149 672 1043 678)
4(150 633 1042 678)
4(150 678 1043 674)
4(1045 510 880 264)
4(1045 264 992 511)
4(1046 264 880 520)
4(1046 522 1038 264)
4(1046 264 1045 525)
4(78 525 1045 510)
4(78 520 1046 525)
4(1044 627 992 264)
4(1044 264 1038 628)
4(1045 264 1044 635)
4(126 511 1045 635)
4(1046 676 1044 264)
4(146 676 1046 522)
4(151 635 1045 525)
4(151 525 1046 676)
4(1048 632 996 265)
4(1048 265 1042 633)
4(1049 265 996 636)
4(1049 638 1047 265)
4(1049 265 1048 640)
4(130 636 1049 640)
4(1050 678 1042 265)
4(1050 265 1047 679)
4(1050 681 1048 265)
4(150 681 1050 678)
4(1050 265 1049 685)
4(154 685 1049 638)
4(154 679 1050 685)
4(155 640 1049 685)
4(155 685 1050 681)
4(1052 513 881 266)
4(1052 266 999 514)
4(1053 266 881 523)
4(1053 525 1045 266)
4(1053 266 1052 528)
4(79 528 1052 513)
4(79 523 1053 528)
4(1051 634 999 266)
4(1051 266 1045 635)
4(1052 266 1051 643)
4(131 514 1052 643)
4(1053 683 1051 266)
4(151 683 1053 525)
4(156 643 1052 528)
4(156 528 1053 683)
4(1058 639 1006 267)
4(1058 267 1049 640)
4(1059 267 1006 650)
4(1059 652 1056 267)
4(1059 267 1058 654)
4(135 650 1059 654)
4(1060 685 1049 267)
4(1060 267 1056 686)
4(1060 688 1058 267)
4(155 688 1060 685)
4(1060 267 1059 699)
4(159 699 1059 652)
4(159 686 1060 699)
4(160 654 1059 699)
4(160 699 1060 688)
4(1063 515 882 268)
4(1063 268 1008 516)
4(1062 268 882 526)
4(1062 528 1052 268)
4(1063 530 1062 268)
4(80 526 1062 530)
4(1061 642 1008 268)
4(1061 268 1052 643)
4(1063 268 1061 656)
4(136 656 1061 642)
4(1062 691 1061 268)
4(156 643 1061 691)
4(156 691 1062 528)
4(161 691 1061 656)
4(161 530 1062 691)
4(1064 645 1011 269)
4(1064 269 1054 646)
4(1066 269 1011 655)
4(1066 656 1061 269)
4(1066 269 1064 658)
4(137 658 1064 645)
4(1065 690 1054 269)
4(1065 269 1061 691)
4(1065 694 1064 269)
4(157 646 1064 694)
4(157 694 1065 690)
4(1066 704 1065 269)
4(161 691 1065 704)
4(162 694 1064 658)
4(162 704 1065 694)
4(1067 648 1014 270)
4(1067 270 1055 649)
4(1069 270 1014 657)
4(1069 658 1064 270)
4(1069 270 1067 660)
4(138 660 1067 648)
4(1068 693 1055 270)
4(1068 270 1064 694)
4(1068 697 1067 270)
4(158 649 1067 697)
4(158 697 1068 693)
4(1069 706 1068 270)
4(162 694 1068 706)
4(163 697 1067 660)
4(163 706 1068 697)
4(1070 651 1017 271)
4(1070 271 1057 652)
4(1072 271 1017 659)
4(1072 660 1067 271)
4(1072 271 1070 662)
4(139 662 1070 651)
4(1071 696 1057 271)
4(1071 271 1067 697)
4(1071 700 1070 271)
4(159 652 1070 700)
4(159 700 1071 696)
4(1072 708 1071 271)
4(163 697 1071 708)
4(164 700 1070 662)
4(164 708 1071 700)
4(1073 653 1020 272)
4(1073 272 1059 654)
4(1075 272 1020 661)
4(1075 662 1070 272)
4(1075 272 1073 663)
4(1074 699 1059 272)
4(1074 272 1070 700)
4(1074 702 1073 272)
4(160 702 1074 699)
4(1075 710 1074 272)
4(164 700 1074 710)
4(165 710 1074 702)
4(1078 420 858 273)
4(1078 273 883 421)
4(1076 273 858 453)
4(1076 454 1024 273)
4(1078 468 1076 273)
4(56 453 1076 468)
4(56 468 1078 420)
4(1077 518 883 273)
4(1077 273 1024 519)
4(1078 273 1077 533)
4(81 533 1077 518)
4(81 421 1078 533)
4(1077 273 1076 666)
4(141 666 1076 454)
4(141 519 1077 666)
4(166 468 1076 666)
4(166 666 1077 533)
4(166 533 1078 468)
4(1079 274 859 456)
4(1079 457 1027 274)
4(1081 466 859 274)
4(1081 274 1076 468)
4(1081 471 1079 274)
4(57 456 1079 471)
4(57 471 1081 466)
4(1080 274 1027 664)
4(1080 666 1076 274)
4(1080 274 1079 668)
4(142 668 1079 457)
4(1081 274 1080 713)
4(166 468 1081 713)
4(167 471 1079 668)
4(167 713 1081 471)
4(1082 275 860 459)
4(1082 460 1030 275)
4(1084 469 860 275)
4(1084 275 1079 471)
4(1084 474 1082 275)
4(58 459 1082 474)
4(58 474 1084 469)
4(1083 275 1030 667)
4(1083 668 1079 275)
4(1083 275 1082 670)
4(143 670 1082 460)
4(1084 275 1083 716)
4(167 471 1084 716)
4(168 474 1082 670)
4(168 716 1084 474)
4(1085 276 861 462)
4(1085 463 1033 276)
4(1087 472 861 276)
4(1087 276 1082 474)
4(1087 477 1085 276)
4(59 462 1085 477)
4(59 477 1087 472)
4(1086 276 1033 669)
4(1086 670 1082 276)
4(1086 276 1085 673)
4(144 673 1085 463)
4(1087 276 1086 719)
4(168 474 1087 719)
4(169 477 1085 673)
4(169 719 1087 477)
4(1088 277 862 464)
4(1088 465 1036 277)
4(1090 475 862 277)
4(1090 277 1085 477)
4(1090 479 1088 277)
4(60 479 1090 475)
4(1089 277 1036 671)
4(1089 673 1085 277)
4(1089 277 1088 675)
4(145 671 1089 675)
4(1090 277 1089 722)
4(169 722 1089 673)
4(169 477 1090 722)
4(170 675 1089 722)
4(170 722 1090 479)
4(1092 521 884 278)
4(1092 278 1039 522)
4(1093 278 884 531)
4(1093 533 1077 278)
4(1093 278 1092 536)
4(82 536 1092 521)
4(82 531 1093 536)
4(1091 665 1039 278)
4(1091 278 1077 666)
4(1092 278 1091 677)
4(146 522 1092 677)
4(1093 714 1091 278)
4(166 714 1093 533)
4(171 677 1092 536)
4(171 536 1093 714)
4(1098 674 1043 279)
4(1098 279 1089 675)
4(1099 279 1043 678)
4(1099 680 1096 279)
4(1099 279 1098 682)
4(150 678 1099 682)
4(1100 722 1089 279)
4(1100 279 1096 723)
4(1100 725 1098 279)
4(170 725 1100 722)
4(1100 279 1099 736)
4(174 736 1099 680)
4(174 723 1100 736)
4(175 682 1099 736)
4(175 736 1100 725)
4(1102 524 885 280)
4(1102 280 1046 525)
4(1103 280 885 534)
4(1103 536 1092 280)
4(1103 280 1102 539)
4(83 539 1102 524)
4(83 534 1103 539)
4(1101 676 1046 280)
4(1101 280 1092 677)
4(1102 280 1101 684)
4(151 525 1102 684)
4(1103 728 1101 280)
4(171 728 1103 536)
4(176 684 1102 539)
4(176 539 1103 728)
4(1108 681 1050 281)
4(1108 281 1099 682)
4(1109 281 1050 685)
4(1109 687 1106 281)
4(1109 281 1108 689)
4(155 685 1109 689)
4(1110 736 1099 281)
4(1110 281 1106 737)
4(1110 739 1108 281)
4(175 739 1110 736)
4(1110 281 1109 750)
4(179 750 1109 687)
4(179 737 1110 750)
4(180 689 1109 750)
4(180 750 1110 739)
4(1112 527 886 282)
4(1112 282 1053 528)
4(1113 282 886 537)
4(1113 539 1102 282)
4(1113 282 1112 542)
4(84 542 1112 527)
4(84 537 1113 542)
4(1111 683 1053 282)
4(1111 282 1102 684)
4(1112 282 1111 692)
4(156 528 1112 692)
4(1113 742 1111 282)
4(176 742 1113 539)
4(181 692 1112 542)
4(181 542 1113 742)
4(1121 688 1060 283)
4(1121 283 1109 689)
4(1122 283 1060 699)
4(1122 701 1118 283)
4(1122 283 1121 703)
4(160 699 1122 703)
4(1123 750 1109 283)
4(1123 283 1118 751)
4(1123 753 1121 283)
4(180 753 1123 750)
4(1123 283 1122 764)
4(184 764 1122 701)
4(184 751 1123 764)
4(185 703 1122 764)
4(185 764 1123 753)
4(1126 529 887 284)
4(1126 284 1062 530)
4(1125 284 887 540)
4(1125 542 1112 284)
4(1126 544 1125 284)
4(85 540 1125 544)
4(1124 691 1062 284)
4(1124 284 1112 692)
4(1126 284 1124 705)
4(161 705 1124 691)
4(1125 756 1124 284)
4(181 692 1124 756)
4(181 756 1125 542)
4(186 756 1124 705)
4(186 544 1125 756)
4(1127 694 1065 285)
4(1127 285 1114 695)
4(1129 285 1065 704)
4(1129 705 1124 285)
4(1129 285 1127 707)
4(162 707 1127 694)
4(1128 755 1114 285)
4(1128 285 1124 756)
4(1128 759 1127 285)
4(182 695 1127 759)
4(182 759 1128 755)
4(1129 769 1128 285)
4(186 756 1128 769)
4(187 759 1127 707)
4(187 769 1128 759)
4(1130 697 1068 286)
4(1130 286 1116 698)
4(1132 286 1068 706)
4(1132 707 1127 286)
4(1132 286 1130 709)
4(163 709 1130 697)
4(1131 758 1116 286)
4(1131 286 1127 759)
4(1131 762 1130 286)
4(183 698 1130 762)
4(183 762 1131 758)
4(1132 771 1131 286)
4(187 759 1131 771)
4(188 762 1130 709)
4(188 771 1131 762)
4(1133 700 1071 287)
4(1133 287 1119 701)
4(1135 287 1071 708)
4(1135 709 1130 287)
4(1135 287 1133 711)
4(164 711 1133 700)
4(1134 761 1119 287)
4(1134 287 1130 762)
4(1134 765 1133 287)
4(184 701 1133 765)
4(184 765 1134 761)
4(1135 773 1134 287)
4(188 762 1134 773)
4(189 765 1133 711)
4(189 773 1134 765)
4(1136 702 1074 288)
4(1136 288 1122 703)
4(1138 288 1074 710)
4(1138 711 1133 288)
4(1138 288 1136 712)
4(1137 764 1122 288)
4(1137 288 1133 765)
4(1137 767 1136 288)
4(185 767 1137 764)
4(1138 775 1137 288)
4(189 765 1137 775)
4(190 775 1137 767)
4(1141 422 863 289)
4(1141 289 888 423)
4(1139 289 863 467)
4(1139 468 1078 289)
4(1141 481 1139 289)
4(61 467 1139 481)
4(1140 532 888 289)
4(1140 289 1078 533)
4(1141 289 1140 546)
4(86 546 1140 532)
4(1140 289 1139 715)
4(166 715 1139 468)
4(166 533 1140 715)
4(191 481 1139 715)
4(191 715 1140 546)
4(1142 290 864 470)
4(1142 471 1081 290)
4(1144 480 864 290)
4(1144 290 1139 481)
4(1144 483 1142 290)
4(62 470 1142 483)
4(1143 290 1081 713)
4(1143 715 1139 290)
4(1143 290 1142 718)
4(167 718 1142 471)
4(167 713 1143 718)
4(1144 290 1143 778)
4(191 778 1143 715)
4(192 483 1142 718)
4(192 718 1143 778)
4(1145 291 865 473)
4(1145 474 1084 291)
4(1147 482 865 291)
4(1147 291 1142 483)
4(1147 485 1145 291)
4(63 473 1145 485)
4(1146 291 1084 716)
4(1146 718 1142 291)
4(1146 291 1145 721)
4(168 721 1145 474)
4(168 716 1146 721)
4(1147 291 1146 780)
4(192 780 1146 718)
4(193 485 1145 721)
4(193 721 1146 780)
4(1148 292 866 476)
4(1148 477 1087 292)
4(1150 484 866 292)
4(1150 292 1145 485)
4(1150 487 1148 292)
4(64 476 1148 487)
4(1149 292 1087 719)
4(1149 721 1145 292)
4(1149 292 1148 724)
4(169 724 1148 477)
4(169 719 1149 724)
4(1150 292 1149 782)
4(193 782 1149 721)
4(194 487 1148 724)
4(194 724 1149 782)
4(1151 293 867 478)
4(1151 479 1090 293)
4(1153 486 867 293)
4(1153 293 1148 487)
4(1153 488 1151 293)
4(1152 293 1090 722)
4(1152 724 1148 293)
4(1152 293 1151 726)
4(170 722 1152 726)
4(1153 293 1152 784)
4(194 784 1152 724)
4(195 726 1152 784)
4(1155 535 889 294)
4(1155 294 1093 536)
4(1156 294 889 545)
4(1156 546 1140 294)
4(1156 294 1155 548)
4(87 548 1155 535)
4(1154 714 1093 294)
4(1154 294 1140 715)
4(1155 294 1154 729)
4(171 729 1154 714)
4(171 536 1155 729)
4(1156 779 1154 294)
4(191 715 1154 779)
4(196 779 1154 729)
4(196 729 1155 548)
4(1157 717 1094 295)
4(1157 295 1143 718)
4(1158 295 1094 727)
4(1158 729 1154 295)
4(1158 295 1157 732)
4(172 732 1157 717)
4(172 727 1158 732)
4(1159 778 1143 295)
4(1159 295 1154 779)
4(1159 781 1157 295)
4(192 718 1157 781)
4(1159 295 1158 787)
4(196 787 1158 729)
4(197 781 1157 732)
4(197 732 1158 787)
4(1160 720 1095 296)
4(1160 296 1146 721)
4(1161 296 1095 730)
4(1161 732 1157 296)
4(1161 296 1160 735)
4(173 735 1160 720)
4(173 730 1161 735)
4(1162 780 1146 296)
4(1162 296 1157 781)
4(1162 783 1160 296)
4(193 721 1160 783)
4(1162 296 1161 789)
4(197 789 1161 732)
4(198 783 1160 735)
4(198 735 1161 789)
4(1163 723 1097 297)
4(1163 297 1149 724)
4(1164 297 1097 733)
4(1164 735 1160 297)
4(1164 297 1163 738)
4(174 738 1163 723)
4(174 733 1164 738)
4(1165 782 1149 297)
4(1165 297 1160 783)
4(1165 785 1163 297)
4(194 724 1163 785)
4(1165 297 1164 791)
4(198 791 1164 735)
4(199 785 1163 738)
4(199 738 1164 791)
4(1166 725 1100 298)
4(1166 298 1152 726)
4(1167 298 1100 736)
4(1167 738 1163 298)
4(1167 298 1166 740)
4(175 736 1167 740)
4(1168 784 1152 298)
4(1168 298 1163 785)
4(1168 786 1166 298)
4(1168 298 1167 793)
4(199 793 1167 738)
4(200 740 1167 793)
4(1170 538 890 299)
4(1170 299 1103 539)
4(1171 299 890 547)
4(1171 548 1155 299)
4(1171 299 1170 550)
4(88 550 1170 538)
4(1169 728 1103 299)
4(1169 299 1155 729)
4(1170 299 1169 743)
4(176 743 1169 728)
4(176 539 1170 743)
4(1171 788 1169 299)
4(196 729 1169 788)
4(201 788 1169 743)
4(201 743 1170 550)
4(1172 731 1104 300)
4(1172 300 1158 732)
4(1173 300 1104 741)
4(1173 743 1169 300)
4(1173 300 1172 746)
4(177 746 1172 731)
4(177 741 1173 746)
4(1174 787 1158 300)
4(1174 300 1169 788)
4(1174 790 1172 300)
4(197 732 1172 790)
4(1174 300 1173 796)
4(201 796 1173 743)
4(202 790 1172 746)
4(202 746 1173 796)
4(1175 734 1105 301)
4(1175 301 1161 735)
4(1176 301 1105 744)
4(1176 746 1172 301)
4(1176 301 1175 749)
4(178 749 1175 734)
4(178 744 1176 749)
4(1177 789 1161 301)
4(1177 301 1172 790)
4(1177 792 1175 301)
4(198 735 1175 792)
4(1177 301 1176 798)
4(202 798 1176 746)
4(203 792 1175 749)
4(203 749 1176 798)
4(1178 737 1107 302)
4(1178 302 1164 738)
4(1179 302 1107 747)
4(1179 749 1175 302)
4(1179 302 1178 752)
4(179 752 1178 737)
4(179 747 1179 752)
4(1180 791 1164 302)
4(1180 302 1175 792)
4(1180 794 1178 302)
4(199 738 1178 794)
4(1180 302 1179 800)
4(203 800 1179 749)
4(204 794 1178 752)
4(204 752 1179 800)
4(1181 739 1110 303)
4(1181 303 1167 740)
4(1182 303 1110 750)
4(1182 752 1178 303)
4(1182 303 1181 754)
4(180 750 1182 754)
4(1183 793 1167 303)
4(1183 303 1178 794)
4(1183 795 1181 303)
4(1183 303 1182 802)
4(204 802 1182 752)
4(205 754 1182 802)
4(1185 541 891 304)
4(1185 304 1113 542)
4(1186 304 891 549)
4(1186 550 1170 304)
4(1186 304 1185 552)
4(89 552 1185 541)
4(1184 742 1113 304)
4(1184 304 1170 743)
4(1185 304 1184 757)
4(181 757 1184 742)
4(181 542 1185 757)
4(1186 797 1184 304)
4(201 743 1184 797)
4(206 797 1184 757)
4(206 757 1185 552)
4(1187 745 1115 305)
4(1187 305 1173 746)
4(1188 305 1115 755)
4(1188 757 1184 305)
4(1188 305 1187 760)
4(182 760 1187 745)
4(182 755 1188 760)
4(1189 796 1173 305)
4(1189 305 1184 797)
4(1189 799 1187 305)
4(202 746 1187 799)
4(1189 305 1188 805)
4(206 805 1188 757)
4(207 799 1187 760)
4(207 760 1188 805)
4(1190 748 1117 306)
4(1190 306 1176 749)
4(1191 306 1117 758)
4(1191 760 1187 306)
4(1191 306 1190 763)
4(183 763 1190 748)
4(183 758 1191 763)
4(1192 798 1176 306)
4(1192 306 1187 799)
4(1192 801 1190 306)
4(203 749 1190 801)
4(1192 306 1191 807)
4(207 807 1191 760)
4(208 801 1190 763)
4(208 763 1191 807)
4(1193 751 1120 307)
4(1193 307 1179 752)
4(1194 307 1120 761)
4(1194 763 1190 307)
4(1194 307 1193 766)
4(184 766 1193 751)
4(184 761 1194 766)
4(1195 800 1179 307)
4(1195 307 1190 801)
4(1195 803 1193 307)
4(204 752 1193 803)
4(1195 307 1194 809)
4(208 809 1194 763)
4(209 803 1193 766)
4(209 766 1194 809)
4(1196 753 1123 308)
4(1196 308 1182 754)
4(1197 308 1123 764)
4(1197 766 1193 308)
4(1197 308 1196 768)
4(185 764 1197 768)
4(1198 802 1182 308)
4(1198 308 1193 803)
4(1198 804 1196 308)
4(1198 308 1197 811)
4(209 811 1197 766)
4(210 768 1197 811)
4(1200 543 892 309)
4(1200 309 1125 544)
4(1201 309 892 551)
4(1201 552 1185 309)
4(1201 309 1200 553)
4(1199 756 1125 309)
4(1199 309 1185 757)
4(1200 309 1199 770)
4(186 770 1199 756)
4(1201 806 1199 309)
4(206 757 1199 806)
4(211 806 1199 770)
4(1202 759 1128 310)
4(1202 310 1188 760)
4(1203 310 1128 769)
4(1203 770 1199 310)
4(1203 310 1202 772)
4(187 772 1202 759)
4(1204 805 1188 310)
4(1204 310 1199 806)
4(1204 808 1202 310)
4(207 760 1202 808)
4(1204 310 1203 814)
4(212 808 1202 772)
4(1205 762 1131 311)
4(1205 311 1191 763)
4(1206 311 1131 771)
4(1206 772 1202 311)
4(1206 311 1205 774)
4(188 774 1205 762)
4(1207 807 1191 311)
4(1207 311 1202 808)
4(1207 810 1205 311)
4(208 763 1205 810)
4(1207 311 1206 815)
4(213 810 1205 774)
4(1208 765 1134 312)
4(1208 312 1194 766)
4(1209 312 1134 773)
4(1209 774 1205 312)
4(1209 312 1208 776)
4(189 776 1208 765)
4(1210 809 1194 312)
4(1210 312 1205 810)
4(1210 812 1208 312)
4(209 766 1208 812)
4(1210 312 1209 816)
4(214 812 1208 776)
4(1211 767 1137 313)
4(1211 313 1197 768)
4(1212 313 1137 775)
4(1212 776 1208 313)
4(1212 313 1211 777)
4(1213 811 1197 313)
4(1213 313 1208 812)
4(1213 813 1211 313)
4(1213 313 1212 817)
4(5 329 905 330)
4(15 357 920 358)
4(20 371 935 372)
4(25 385 950 386)
4(30 399 965 400)
4(45 437 980 436)
4(95 566 987 567)
4(100 578 994 579)
4(105 590 1004 591)
4(110 604 1019 605)
4(50 451 1034 450)
4(120 625 1041 626)
4(125 632 1048 633)
4(130 639 1058 640)
4(135 653 1073 654)
4(55 465 1088 464)
4(145 674 1098 675)
4(150 681 1108 682)
4(155 688 1121 689)
4(160 702 1136 703)
4(60 479 1151 478)
4(170 725 1166 726)
4(175 739 1181 740)
4(180 753 1196 754)
4(185 767 1211 768)
4(15 358 905 329)
4(45 330 905 437)
4(95 437 905 358)
4(20 372 920 357)
4(95 358 920 566)
4(100 566 920 372)
4(25 386 935 371)
4(100 372 935 578)
4(105 578 935 386)
4(30 400 950 385)
4(105 386 950 590)
4(110 590 950 400)
4(35 409 965 399)
4(110 400 965 604)
4(115 604 965 409)
4(50 436 980 451)
4(95 567 980 437)
4(120 451 980 567)
4(100 579 987 566)
4(120 567 987 625)
4(125 625 987 579)
4(105 591 994 578)
4(125 579 994 632)
4(130 632 994 591)
4(110 605 1004 590)
4(130 591 1004 639)
4(135 639 1004 605)
4(115 614 1019 604)
4(135 605 1019 653)
4(140 653 1019 614)
4(55 450 1034 465)
4(120 626 1034 451)
4(145 465 1034 626)
4(125 633 1041 625)
4(145 626 1041 674)
4(150 674 1041 633)
4(130 640 1048 632)
4(150 633 1048 681)
4(155 681 1048 640)
4(135 654 1058 639)
4(155 640 1058 688)
4(160 688 1058 654)
4(140 663 1073 653)
4(160 654 1073 702)
4(165 702 1073 663)
4(60 464 1088 479)
4(145 675 1088 465)
4(170 479 1088 675)
4(150 682 1098 674)
4(170 675 1098 725)
4(175 725 1098 682)
4(155 689 1108 681)
4(175 682 1108 739)
4(180 739 1108 689)
4(160 703 1121 688)
4(180 689 1121 753)
4(185 753 1121 703)
4(165 712 1136 702)
4(185 703 1136 767)
4(190 767 1136 712)
4(65 478 1151 488)
4(170 726 1151 479)
4(195 488 1151 726)
4(175 740 1166 725)
4(195 726 1166 786)
4(200 786 1166 740)
4(180 754 1181 739)
4(200 740 1181 795)
4(205 795 1181 754)
4(185 768 1196 753)
4(205 754 1196 804)
4(210 804 1196 768)
4(190 777 1211 767)
4(210 768 1211 813)
4(215 813 1211 777)
4(0 315 818 314)
4(0 314 843 316)
4(0 316 868 315)
4(1 318 819 317)
4(1 317 844 319)
4(2 321 820 320)
4(2 320 845 322)
4(3 324 821 323)
4(3 323 846 325)
4(4 327 822 326)
4(4 326 847 328)
4(6 331 823 332)
4(6 333 869 331)
4(11 346 824 345)
4(12 349 825 348)
4(13 352 826 351)
4(14 355 827 354)
4(7 334 828 335)
4(7 336 870 334)
4(16 360 829 359)
4(17 363 830 362)
4(18 366 831 365)
4(19 369 832 368)
4(8 337 833 338)
4(8 339 871 337)
4(21 374 834 373)
4(22 377 835 376)
4(23 380 836 379)
4(24 383 837 382)
4(9 340 838 341)
4(9 342 872 340)
4(26 388 839 387)
4(27 391 840 390)
4(28 394 841 393)
4(29 397 842 396)
4(36 411 848 410)
4(36 410 873 412)
4(41 424 849 425)
4(42 427 850 428)
4(43 430 851 431)
4(44 433 852 434)
4(66 490 874 489)
4(67 493 875 492)
4(68 496 876 495)
4(69 499 877 498)
4(37 414 853 413)
4(37 413 878 415)
4(46 438 854 439)
4(47 441 855 442)
4(48 444 856 445)
4(49 447 857 448)
4(71 504 879 503)
4(72 507 880 506)
4(73 510 881 509)
4(74 513 882 512)
4(38 417 858 416)
4(38 416 883 418)
4(51 452 859 453)
4(52 455 860 456)
4(53 458 861 459)
4(54 461 862 462)
4(76 518 884 517)
4(77 521 885 520)
4(78 524 886 523)
4(79 527 887 526)
4(39 420 863 419)
4(39 419 888 421)
4(56 466 864 467)
4(57 469 865 470)
4(58 472 866 473)
4(59 475 867 476)
4(81 532 889 531)
4(82 535 890 534)
4(83 538 891 537)
4(84 541 892 540)
4(10 344 955 343)
4(31 402 958 401)
4(32 404 961 403)
4(33 406 964 405)
4(34 408 967 407)
4(70 501 1009 502)
4(111 607 1012 606)
4(112 609 1015 608)
4(113 611 1018 610)
4(114 613 1021 612)
4(75 515 1063 516)
4(136 656 1066 655)
4(137 658 1069 657)
4(138 660 1072 659)
4(139 662 1075 661)
4(80 529 1126 530)
4(161 705 1129 704)
4(162 707 1132 706)
4(163 709 1135 708)
4(164 711 1138 710)
4(85 543 1200 544)
4(186 770 1203 769)
4(187 772 1206 771)
4(188 774 1209 773)
4(189 776 1212 775)
4(40 422 1141 423)
4(61 480 1144 481)
4(62 482 1147 483)
4(63 484 1150 485)
4(64 486 1153 487)
4(86 546 1156 545)
4(191 778 1159 779)
4(192 780 1162 781)
4(193 782 1165 783)
4(194 784 1168 785)
4(87 548 1171 547)
4(196 787 1174 788)
4(197 789 1177 790)
4(198 791 1180 792)
4(199 793 1183 794)
4(88 550 1186 549)
4(201 796 1189 797)
4(202 798 1192 799)
4(203 800 1195 801)
4(204 802 1198 803)
4(89 552 1201 551)
4(206 805 1204 806)
4(207 807 1207 808)
4(208 809 1210 810)
4(209 811 1213 812)
4(1 314 818 318)
4(6 332 818 315)
4(11 318 818 332)
4(2 317 819 321)
4(11 345 819 318)
4(12 321 819 345)
4(3 320 820 324)
4(12 348 820 321)
4(13 324 820 348)
4(4 323 821 327)
4(13 351 821 324)
4(14 327 821 351)
4(5 326 822 329)
4(14 354 822 327)
4(15 329 822 354)
4(7 335 823 331)
4(11 332 823 346)
4(16 346 823 335)
4(12 345 824 349)
4(16 359 824 346)
4(17 349 824 359)
4(13 348 825 352)
4(17 362 825 349)
4(18 352 825 362)
4(14 351 826 355)
4(18 365 826 352)
4(19 355 826 365)
4(15 354 827 357)
4(19 368 827 355)
4(20 357 827 368)
4(8 338 828 334)
4(16 335 828 360)
4(21 360 828 338)
4(17 359 829 363)
4(21 373 829 360)
4(22 363 829 373)
4(18 362 830 366)
4(22 376 830 363)
4(23 366 830 376)
4(19 365 831 369)
4(23 379 831 366)
4(24 369 831 379)
4(20 368 832 371)
4(24 382 832 369)
4(25 371 832 382)
4(9 341 833 337)
4(21 338 833 374)
4(26 374 833 341)
4(22 373 834 377)
4(26 387 834 374)
4(27 377 834 387)
4(23 376 835 380)
4(27 390 835 377)
4(28 380 835 390)
4(24 379 836 383)
4(28 393 836 380)
4(29 383 836 393)
4(25 382 837 385)
4(29 396 837 383)
4(30 385 837 396)
4(10 343 838 340)
4(26 341 838 388)
4(31 388 838 343)
4(27 387 839 391)
4(31 401 839 388)
4(32 391 839 401)
4(28 390 840 394)
4(32 403 840 391)
4(33 394 840 403)
4(29 393 841 397)
4(33 405 841 394)
4(34 397 841 405)
4(30 396 842 399)
4(34 407 842 397)
4(35 399 842 407)
4(1 319 843 314)
4(36 316 843 411)
4(41 411 843 319)
4(2 322 844 317)
4(41 319 844 424)
4(42 424 844 322)
4(3 325 845 320)
4(42 322 845 427)
4(43 427 845 325)
4(4 328 846 323)
4(43 325 846 430)
4(44 430 846 328)
4(5 330 847 326)
4(44 328 847 433)
4(45 433 847 330)
4(37 410 848 414)
4(41 425 848 411)
4(46 414 848 425)
4(42 428 849 424)
4(46 425 849 438)
4(47 438 849 428)
4(43 431 850 427)
4(47 428 850 441)
4(48 441 850 431)
4(44 434 851 430)
4(48 431 851 444)
4(49 444 851 434)
4(45 436 852 433)
4(49 434 852 447)
4(50 447 852 436)
4(38 413 853 417)
4(46 439 853 414)
4(51 417 853 439)
4(47 442 854 438)
4(51 439 854 452)
4(52 452 854 442)
4(48 445 855 441)
4(52 442 855 455)
4(53 455 855 445)
4(49 448 856 444)
4(53 445 856 458)
4(54 458 856 448)
4(50 450 857 447)
4(54 448 857 461)
4(55 461 857 450)
4(39 416 858 420)
4(51 453 858 417)
4(56 420 858 453)
4(52 456 859 452)
4(56 453 859 466)
4(57 466 859 456)
4(53 459 860 455)
4(57 456 860 469)
4(58 469 860 459)
4(54 462 861 458)
4(58 459 861 472)
4(59 472 861 462)
4(55 464 862 461)
4(59 462 862 475)
4(60 475 862 464)
4(40 419 863 422)
4(56 467 863 420)
4(61 422 863 467)
4(57 470 864 466)
4(61 467 864 480)
4(62 480 864 470)
4(58 473 865 469)
4(62 470 865 482)
4(63 482 865 473)
4(59 476 866 472)
4(63 473 866 484)
4(64 484 866 476)
4(60 478 867 475)
4(64 476 867 486)
4(65 486 867 478)
4(6 315 868 333)
4(36 412 868 316)
4(66 333 868 412)
4(7 331 869 336)
4(66 489 869 333)
4(67 336 869 489)
4(8 334 870 339)
4(67 492 870 336)
4(68 339 870 492)
4(9 337 871 342)
4(68 495 871 339)
4(69 342 871 495)
4(10 340 872 344)
4(69 498 872 342)
4(70 344 872 498)
4(37 415 873 410)
4(66 412 873 490)
4(71 490 873 415)
4(67 489 874 493)
4(71 503 874 490)
4(72 493 874 503)
4(68 492 875 496)
4(72 506 875 493)
4(73 496 875 506)
4(69 495 876 499)
4(73 509 876 496)
4(74 499 876 509)
4(70 498 877 501)
4(74 512 877 499)
4(75 501 877 512)
4(38 418 878 413)
4(71 415 878 504)
4(76 504 878 418)
4(72 503 879 507)
4(76 517 879 504)
4(77 507 879 517)
4(73 506 880 510)
4(77 520 880 507)
4(78 510 880 520)
4(74 509 881 513)
4(78 523 881 510)
4(79 513 881 523)
4(75 512 882 515)
4(79 526 882 513)
4(80 515 882 526)
4(39 421 883 416)
4(76 418 883 518)
4(81 518 883 421)
4(77 517 884 521)
4(81 531 884 518)
4(82 521 884 531)
4(78 520 885 524)
4(82 534 885 521)
4(83 524 885 534)
4(79 523 886 527)
4(83 537 886 524)
4(84 527 886 537)
4(80 526 887 529)
4(84 540 887 527)
4(85 529 887 540)
4(40 423 888 419)
4(81 421 888 532)
4(86 532 888 423)
4(82 531 889 535)
4(86 545 889 532)
4(87 535 889 545)
4(83 534 890 538)
4(87 547 890 535)
4(88 538 890 547)
4(84 537 891 541)
4(88 549 891 538)
4(89 541 891 549)
4(85 540 892 543)
4(89 551 892 541)
4(90 543 892 551)
4(31 343 955 402)
4(70 502 955 344)
4(111 402 955 502)
4(32 401 958 404)
4(111 606 958 402)
4(112 404 958 606)
4(33 403 961 406)
4(112 608 961 404)
4(113 406 961 608)
4(34 405 964 408)
4(113 610 964 406)
4(114 408 964 610)
4(35 407 967 409)
4(114 612 967 408)
4(115 409 967 612)
4(75 516 1009 501)
4(111 502 1009 607)
4(136 607 1009 516)
4(112 606 1012 609)
4(136 655 1012 607)
4(137 609 1012 655)
4(113 608 1015 611)
4(137 657 1015 609)
4(138 611 1015 657)
4(114 610 1018 613)
4(138 659 1018 611)
4(139 613 1018 659)
4(115 612 1021 614)
4(139 661 1021 613)
4(140 614 1021 661)
4(80 530 1063 515)
4(136 516 1063 656)
4(161 656 1063 530)
4(137 655 1066 658)
4(161 704 1066 656)
4(162 658 1066 704)
4(138 657 1069 660)
4(162 706 1069 658)
4(163 660 1069 706)
4(139 659 1072 662)
4(163 708 1072 660)
4(164 662 1072 708)
4(140 661 1075 663)
4(164 710 1075 662)
4(165 663 1075 710)
4(85 544 1126 529)
4(161 530 1126 705)
4(186 705 1126 544)
4(162 704 1129 707)
4(186 769 1129 705)
4(187 707 1129 769)
4(163 706 1132 709)
4(187 771 1132 707)
4(188 709 1132 771)
4(164 708 1135 711)
4(188 773 1135 709)
4(189 711 1135 773)
4(165 710 1138 712)
4(189 775 1138 711)
4(190 712 1138 775)
4(61 481 1141 422)
4(86 423 1141 546)
4(191 546 1141 481)
4(62 483 1144 480)
4(191 481 1144 778)
4(192 778 1144 483)
4(63 485 1147 482)
4(192 483 1147 780)
4(193 780 1147 485)
4(64 487 1150 484)
4(193 485 1150 782)
4(194 782 1150 487)
4(65 488 1153 486)
4(194 487 1153 784)
4(195 784 1153 488)
4(87 545 1156 548)
4(191 779 1156 546)
4(196 548 1156 779)
4(192 781 1159 778)
4(196 779 1159 787)
4(197 787 1159 781)
4(193 783 1162 780)
4(197 781 1162 789)
4(198 789 1162 783)
4(194 785 1165 782)
4(198 783 1165 791)
4(199 791 1165 785)
4(195 786 1168 784)
4(199 785 1168 793)
4(200 793 1168 786)
4(88 547 1171 550)
4(196 788 1171 548)
4(201 550 1171 788)
4(197 790 1174 787)
4(201 788 1174 796)
4(202 796 1174 790)
4(198 792 1177 789)
4(202 790 1177 798)
4(203 798 1177 792)
4(199 794 1180 791)
4(203 792 1180 800)
4(204 800 1180 794)
4(200 795 1183 793)
4(204 794 1183 802)
4(205 802 1183 795)
4(89 549 1186 552)
4(201 797 1186 550)
4(206 552 1186 797)
4(202 799 1189 796)
4(206 797 1189 805)
4(207 805 1189 799)
4(203 801 1192 798)
4(207 799 1192 807)
4(208 807 1192 801)
4(204 803 1195 800)
4(208 801 1195 809)
4(209 809 1195 803)
4(205 804 1198 802)
4(209 803 1198 811)
4(210 811 1198 804)
4(90 553 1200 543)
4(90 551 1201 553)
4(186 544 1200 770)
4(206 806 1201 552)
4(211 770 1200 553)
4(211 553 1201 806)
4(187 769 1203 772)
4(207 808 1204 805)
4(211 814 1203 770)
4(211 806 1204 814)
4(212 772 1203 814)
4(212 814 1204 808)
4(188 771 1206 774)
4(208 810 1207 807)
4(212 815 1206 772)
4(212 808 1207 815)
4(213 774 1206 815)
4(213 815 1207 810)
4(189 773 1209 776)
4(209 812 1210 809)
4(213 816 1209 774)
4(213 810 1210 816)
4(214 776 1209 816)
4(214 816 1210 812)
4(190 775 1212 777)
4(210 813 1213 811)
4(214 817 1212 776)
4(214 812 1213 817)
4(215 777 1212 817)
4(215 817 1213 813)
)


// ************************************************************************* //
