/*--------------------------------*- C++ -*----------------------------------*\
| =========                 |                                                 |
| \\      /  F ield         | OpenFOAM: The Open Source CFD Toolbox           |
|  \\    /   O peration     | Version:  2.3.x                                 |
|   \\  /    A nd           | Web:      www.OpenFOAM.org                      |
|    \\/     M anipulation  |                                                 |
\*---------------------------------------------------------------------------*/
FoamFile
{
    version     2.0;
    format      ascii;
    class       labelList;
    location    "constant/solid1/polyMesh";
    object      faceRegionAddressing;
}
// * * * * * * * * * * * * * * * * * * * * * * * * * * * * * * * * * * * * * //


2814
(
5037
5038
5039
5042
5043
5044
5045
5048
5049
5050
5051
5054
5055
5056
5057
5060
5061
5062
5063
5096
5097
5098
5099
5101
5102
5103
5104
5105
5107
5108
5109
5110
5111
5113
5114
5115
5116
5117
5119
5120
5121
5122
5123
5156
5157
5158
5159
5161
5162
5163
5164
5165
5167
5168
5169
5170
5171
5173
5174
5175
5176
5177
5179
5180
5181
5182
5183
5216
5217
5218
5219
5221
5222
5223
5224
5225
5227
5228
5229
5230
5231
5233
5234
5235
5236
5237
5239
5240
5241
5242
5243
5276
5277
5278
5279
5281
5282
5283
5284
5285
5287
5288
5289
5290
5291
5293
5294
5295
5296
5297
5299
5300
5301
5302
5303
5336
5337
5338
5339
5341
5342
5343
5344
5345
5347
5348
5349
5350
5351
5353
5354
5355
5356
5357
5359
5360
5361
5362
5363
5395
5396
5397
5398
5399
5400
5401
5402
5403
5404
5405
5406
5407
5408
5409
5410
5411
5412
5413
5414
5415
5416
5417
5418
5419
5420
5421
5422
5423
5424
5425
5426
5427
5428
5429
5430
5431
5432
5433
5434
5435
5436
5437
5438
5439
5440
5441
5442
5443
5444
5497
5498
5499
5500
5501
5502
5503
5504
5505
5506
5507
5508
5509
5510
5511
5512
5513
5514
5515
5516
5517
5518
5519
5520
5521
5522
5523
5524
5525
5526
5527
5528
5529
5530
5531
5532
5533
5534
5575
5576
5577
5578
5579
5580
5581
5582
5583
5584
5585
5586
5587
5588
5589
5590
5591
5592
5593
5594
5595
5596
5597
5598
5599
5600
5601
5602
5603
5604
5605
5606
5607
5608
5609
5610
5611
5612
5613
5614
5615
5616
5617
5618
5619
5620
5621
5671
5672
5673
5674
5675
5676
5677
5678
5679
5680
5681
5682
5683
5684
5685
5686
5687
5688
5689
5690
5691
5692
5693
5694
5695
5696
5726
5727
5728
5729
5731
5732
5733
5734
5735
5737
5738
5739
5740
5741
5743
5744
5745
5746
5747
5749
5750
5751
5752
5753
5785
5786
5787
5788
5789
5790
5791
5792
5793
5794
5795
5796
5797
5798
5799
5800
5801
5802
5803
5804
5805
5806
5807
5808
5809
5810
5811
5812
5813
5814
5815
5816
5817
5818
5819
5820
5821
5822
5863
5864
5865
5866
5867
5868
5869
5870
5871
5872
5873
5874
5875
5876
5877
5878
5879
5880
5881
5882
5883
5884
5885
5886
5887
5888
5917
5918
5919
5920
5921
5922
5923
5924
5925
5926
5927
5928
5929
5930
5931
5932
5933
5934
5935
5936
5937
5938
5939
5940
5941
5942
5943
5944
5945
5946
5947
5948
5949
5950
5951
5989
5990
5991
5992
5993
5994
5995
5996
5997
5998
5999
6000
6001
6002
6003
6004
6005
6006
6007
6008
6009
6010
6011
6012
6013
6014
6044
6045
6046
6047
6049
6050
6051
6052
6053
6055
6056
6057
6058
6059
6061
6062
6063
6064
6065
6067
6068
6069
6070
6071
6103
6104
6105
6106
6107
6108
6109
6110
6111
6112
6113
6114
6115
6116
6117
6118
6119
6120
6121
6122
6123
6124
6125
6126
6127
6128
6129
6130
6131
6132
6133
6134
6135
6136
6137
6138
6139
6140
6141
6142
6143
6144
6145
6146
6147
6148
6149
6199
6200
6201
6202
6203
6204
6205
6206
6207
6208
6209
6210
6211
6212
6213
6214
6215
6216
6217
6218
6219
6220
6221
6222
6223
6224
6225
6226
6227
6228
6229
6230
6231
6232
6233
6271
6272
6273
6274
6275
6276
6277
6278
6279
6280
6281
6282
6283
6284
6285
6286
6287
6288
6289
6290
6291
6292
6293
6294
6295
6296
6297
6298
6299
6300
6301
6302
6303
6304
6305
6306
6307
6308
6309
6310
6311
6312
6313
6314
6361
6362
6363
6364
6365
6366
6367
6368
6369
6370
6371
6372
6373
6374
6375
6376
6377
6378
6379
6380
6381
6382
6383
6384
6385
6386
6416
6417
6418
6419
6421
6422
6423
6424
6425
6427
6428
6429
6430
6431
6433
6434
6435
6436
6437
6439
6440
6441
6442
6443
6475
6476
6477
6478
6479
6480
6481
6482
6483
6484
6485
6486
6487
6488
6489
6490
6491
6492
6493
6494
6495
6496
6497
6498
6499
6500
6529
6530
6531
6532
6533
6534
6535
6536
6537
6538
6539
6540
6541
6542
6543
6544
6545
6546
6547
6548
6549
6550
6551
6552
6553
6554
6583
6584
6585
6586
6587
6588
6589
6590
6591
6592
6593
6594
6595
6596
6597
6598
6599
6600
6601
6602
6603
6604
6605
6606
6607
6608
6637
6638
6639
6640
6641
6642
6643
6644
6645
6646
6647
6648
6649
6650
6651
6652
6653
6654
6655
6656
6657
6658
6659
6660
6661
6662
6663
6664
6665
14088
14089
14090
14091
14092
14093
14094
14095
14096
14097
14098
14099
14100
14101
14102
14103
14104
14105
14106
14107
14108
14109
14110
14111
14112
14113
14114
14115
14116
14117
14118
14119
14120
14121
14122
14123
14124
14125
14126
14127
14128
14129
14130
14131
14132
14133
14134
14135
14136
14137
14138
14139
14140
14141
14142
14143
14144
14145
14146
14147
14148
14149
14150
14151
14152
14153
14154
14155
14156
14157
14158
14159
14160
14161
14162
14163
14164
14166
14167
14168
14169
14171
14172
14173
14174
14176
14177
14268
14269
14270
14271
14272
14273
14274
14275
14276
14277
14278
14279
14280
14281
14282
14283
14284
14285
14286
14287
14288
14289
14290
14291
14292
14293
14294
14295
14296
14297
14298
14299
14300
14301
14302
14303
14304
14305
14306
14307
14308
14309
14310
14311
14312
14313
14314
14315
14316
14317
14318
14319
14320
14321
14322
14323
14324
14325
14326
14327
14328
14329
14330
14331
14332
14333
14334
14335
14337
14338
14339
14340
14342
14343
14344
14345
14347
14348
14430
14431
14432
14433
14434
14435
14436
14437
14438
14439
14440
14441
14442
14443
14444
14445
14446
14447
14448
14449
14450
14451
14452
14453
14454
14455
14456
14457
14458
14459
14460
14461
14462
14463
14464
14465
14466
14467
14468
14469
14470
14471
14472
14473
14474
14475
14476
14477
14478
14479
14480
14481
14482
14483
14484
14485
14486
14487
14488
14489
14490
14491
14492
14493
14494
14495
14496
14497
14499
14500
14501
14502
14504
14505
14506
14507
14509
14510
14592
14593
14594
14595
14596
14597
14598
14599
14600
14601
14602
14603
14604
14605
14606
14607
14608
14609
14610
14611
14612
14613
14614
14615
14616
14617
14618
14619
14620
14621
14622
14623
14624
14625
14626
14627
14628
14629
14630
14631
14632
14633
14634
14635
14636
14637
14638
14639
14640
14641
14642
14643
14644
14645
14646
14647
14648
14649
14650
14651
14652
14653
14654
14655
14656
14657
14658
14659
14661
14662
14663
14664
14666
14667
14668
14669
14671
14672
14754
14755
14756
14757
14758
14759
14761
14762
14763
14764
14766
14767
14768
14769
14770
14772
14773
14774
14775
14776
14777
14779
14780
14781
14782
14783
14784
14785
14787
14788
14790
14791
14792
14793
14794
14795
14797
14798
14799
14800
14801
14802
14803
14805
14806
14808
14809
14810
14811
14812
14813
14815
14816
14817
14818
14819
14820
14821
14823
14824
14826
14827
14828
14829
14830
14833
14834
14835
14837
14838
14839
14842
14934
14935
14936
14937
14938
14939
14940
14941
14942
14943
14944
14945
14946
14947
14948
14949
14950
14951
14952
14953
14954
14955
14956
14957
14958
14959
14960
14961
14962
14963
14964
14965
14966
14967
14968
14969
14970
14971
14972
14973
14974
14975
14976
14977
14978
14979
14980
14981
14982
14983
14984
14985
14986
14987
14988
14989
14990
14991
14992
14993
14994
14995
14996
14997
14998
14999
15000
15001
15003
15004
15005
15006
15008
15009
15010
15011
15013
15014
15096
15097
15098
15099
15100
15101
15102
15103
15104
15105
15106
15107
15108
15109
15110
15111
15112
15113
15114
15115
15117
15118
15119
15120
15122
15123
15124
15125
15127
15128
15162
15163
15164
15165
15166
15167
15168
15169
15170
15171
15172
15173
15174
15175
15176
15177
15178
15179
15180
15181
15183
15184
15185
15186
15188
15189
15190
15191
15193
15194
15228
15229
15230
15231
15232
15233
15234
15235
15236
15237
15238
15239
15240
15241
15242
15243
15244
15245
15246
15247
15249
15250
15251
15252
15254
15255
15256
15257
15259
15260
15294
15295
15296
15297
15298
15299
15301
15302
15303
15304
15306
15307
15308
15309
15310
15312
15313
15314
15315
15316
15317
15319
15320
15321
15322
15323
15324
15325
15327
15328
15330
15331
15332
15333
15334
15335
15337
15338
15339
15340
15341
15342
15343
15345
15346
15348
15349
15350
15351
15352
15353
15355
15356
15357
15358
15359
15360
15361
15363
15364
15366
15367
15368
15369
15370
15373
15374
15375
15377
15378
15379
15382
15474
15475
15476
15477
15478
15479
15480
15481
15482
15483
15484
15485
15486
15487
15488
15489
15490
15491
15492
15493
15494
15495
15496
15497
15498
15499
15500
15501
15502
15503
15504
15505
15506
15507
15508
15509
15510
15511
15512
15513
15514
15515
15516
15517
15518
15519
15520
15521
15522
15523
15524
15525
15526
15527
15528
15529
15530
15531
15532
15533
15534
15535
15536
15537
15538
15539
15540
15541
15543
15544
15545
15546
15548
15549
15550
15551
15553
15554
15636
15637
15638
15639
15640
15641
15642
15643
15644
15645
15646
15647
15648
15649
15650
15651
15652
15653
15654
15655
15657
15658
15659
15660
15662
15663
15664
15665
15667
15668
15702
15703
15704
15705
15706
15707
15708
15709
15710
15711
15712
15713
15714
15715
15716
15717
15718
15719
15720
15721
15723
15724
15725
15726
15728
15729
15730
15731
15733
15734
15768
15769
15770
15771
15772
15773
15774
15775
15776
15777
15778
15779
15780
15781
15782
15783
15784
15785
15786
15787
15789
15790
15791
15792
15794
15795
15796
15797
15799
15800
15834
15835
15836
15837
15838
15839
15841
15842
15843
15844
15846
15847
15848
15849
15850
15852
15853
15854
15855
15856
15857
15859
15860
15861
15862
15863
15864
15865
15867
15868
15870
15871
15872
15873
15874
15875
15877
15878
15879
15880
15881
15882
15883
15885
15886
15888
15889
15890
15891
15892
15893
15895
15896
15897
15898
15899
15900
15901
15903
15904
15906
15907
15908
15909
15910
15913
15914
15915
15917
15918
15919
15922
16014
16015
16016
16017
16018
16019
16020
16021
16022
16023
16024
16025
16026
16027
16028
16029
16030
16031
16032
16033
16034
16035
16036
16037
16038
16039
16040
16041
16042
16043
16044
16045
16046
16047
16048
16049
16050
16051
16052
16053
16054
16055
16056
16057
16058
16059
16060
16061
16062
16063
16064
16065
16066
16067
16068
16069
16070
16071
16072
16073
16074
16075
16076
16077
16078
16079
16080
16081
16083
16084
16085
16086
16088
16089
16090
16091
16093
16094
16176
16177
16178
16179
16180
16181
16182
16183
16184
16185
16186
16187
16188
16189
16190
16191
16192
16193
16194
16195
16197
16198
16199
16200
16202
16203
16204
16205
16207
16208
16242
16243
16244
16245
16246
16247
16248
16249
16250
16251
16252
16253
16254
16255
16256
16257
16258
16259
16260
16261
16263
16264
16265
16266
16268
16269
16270
16271
16273
16274
16308
16309
16310
16311
16312
16313
16314
16315
16316
16317
16318
16319
16320
16321
16322
16323
16324
16325
16326
16327
16329
16330
16331
16332
16334
16335
16336
16337
16339
16340
16374
16375
16376
16377
16378
16379
16381
16382
16383
16384
16386
16387
16388
16389
16390
16392
16393
16394
16395
16396
16397
16399
16400
16401
16402
16403
16404
16405
16407
16408
16410
16411
16412
16413
16414
16415
16417
16418
16419
16420
16421
16422
16423
16425
16426
16428
16429
16430
16431
16432
16433
16435
16436
16437
16438
16439
16440
16441
16443
16444
16446
16447
16448
16449
16450
16453
16454
16455
16457
16458
16459
16462
16554
16555
16556
16557
16558
16559
16561
16562
16563
16564
16566
16567
16568
16569
16570
16572
16573
16574
16575
16576
16577
16579
16580
16581
16582
16583
16584
16585
16587
16588
16590
16591
16592
16593
16594
16595
16597
16598
16599
16600
16601
16602
16603
16605
16606
16608
16609
16610
16611
16612
16613
16615
16616
16617
16618
16619
16620
16621
16623
16624
16626
16627
16628
16629
16630
16633
16634
16635
16637
16638
16639
16642
16734
16735
16736
16737
16738
16739
16741
16742
16743
16744
16745
16746
16747
16749
16750
16752
16753
16754
16755
16756
16757
16758
16759
16760
16761
16762
16764
16765
16767
16768
16770
16771
16772
16773
16774
16775
16776
16777
16778
16779
16780
16782
16783
16785
16786
16788
16789
16790
16791
16792
16793
16794
16795
16796
16797
16798
16800
16801
16803
16804
16806
16807
16808
16809
16810
16812
16813
16814
16815
16818
16819
16822
16914
16915
16916
16917
16918
16919
16921
16922
16923
16924
16925
16926
16927
16929
16930
16932
16933
16934
16935
16936
16937
16938
16939
16940
16941
16942
16944
16945
16947
16948
16950
16951
16952
16953
16954
16955
16956
16957
16958
16959
16960
16962
16963
16965
16966
16968
16969
16970
16971
16972
16973
16974
16975
16976
16977
16978
16980
16981
16983
16984
16986
16987
16988
16989
16990
16992
16993
16994
16995
16998
16999
17002
17094
17095
17096
17097
17098
17099
17101
17102
17103
17104
17105
17106
17107
17109
17110
17112
17113
17114
17115
17116
17117
17118
17119
17120
17121
17122
17124
17125
17127
17128
17130
17131
17132
17133
17134
17135
17136
17137
17138
17139
17140
17142
17143
17145
17146
17148
17149
17150
17151
17152
17153
17154
17155
17156
17157
17158
17160
17161
17163
17164
17166
17167
17168
17169
17170
17172
17173
17174
17175
17178
17179
17182
17274
17275
17276
17277
17278
17281
17282
17283
17284
17286
17287
17289
17292
17293
17294
17295
17296
17297
17299
17300
17301
17302
17304
17307
17310
17311
17312
17313
17314
17315
17317
17318
17319
17320
17322
17325
17328
17329
17330
17331
17332
17333
17335
17336
17337
17338
17340
17343
17346
17347
17348
17349
17350
17353
17354
17355
17358
-5066
-5126
-5186
-5246
-5306
-5366
-5447
-5537
-5624
-5699
-5756
-5825
-5891
-5954
-6017
-6074
-6152
-6236
-6317
-6389
-6446
-6503
-6557
-6611
-6668
14165
14170
14175
14336
14341
14346
14498
14503
14508
14660
14665
14670
14831
14836
14841
15002
15007
15012
15116
15121
15126
15182
15187
15192
15248
15253
15258
15371
15376
15381
15542
15547
15552
15656
15661
15666
15722
15727
15732
15788
15793
15798
15911
15916
15921
16082
16087
16092
16196
16201
16206
16262
16267
16272
16328
16333
16338
16451
16456
16461
16631
16636
16641
16811
16816
16821
16991
16996
17001
17171
17176
17181
17351
17356
17361
5034
5035
5036
5040
5041
5046
5047
5052
5053
5058
5059
5094
5095
5100
5106
5112
5118
5154
5155
5160
5166
5172
5178
5214
5215
5220
5226
5232
5238
5274
5275
5280
5286
5292
5298
5334
5335
5340
5346
5352
5358
5394
5496
5574
5670
5724
5725
5730
5736
5742
5748
5784
5862
5916
5988
6042
6043
6048
6054
6060
6066
6102
6198
6270
6360
6414
6415
6420
6426
6432
6438
6474
6528
6582
6636
-7411
-7417
-7423
-7429
-7435
-7591
-7597
-7603
-7609
-7615
-7771
-7777
-7783
-7789
-7795
-7951
-7957
-7963
-7969
-7975
-8131
-8137
-8143
-8149
-8155
-9721
-9727
-9733
-9739
-9745
-9781
-9787
-9793
-9799
-9805
-9841
-9847
-9853
-9859
-9865
-9901
-9907
-9913
-9919
-9925
-9961
-9967
-9973
-9979
-9985
-11727
-11734
-11741
-11750
-11759
-11762
-11771
-11780
-11783
-11792
-11801
-11804
-11813
-11822
-11825
-11939
-11948
-11951
-11963
-11966
-11969
-11981
-11984
-11987
-11999
-12002
-12005
-12017
-12020
-12023
-12122
-12131
-12134
-12146
-12149
-12152
-12164
-12167
-12170
-12182
-12185
-12188
-12200
-12203
-12206
-12305
-12314
-12317
-12329
-12332
-12335
-12347
-12350
-12353
-12365
-12368
-12371
-12383
-12386
-12389
-12487
-12497
-12499
-12512
-12514
-12517
-12530
-12532
-12535
-12548
-12550
-12553
-12566
-12568
-12571
-12672
-12679
-12686
-12695
-12704
-12707
-12716
-12725
-12728
-12737
-12746
-12749
-12758
-12767
-12770
-12884
-12890
-12896
-12903
-12911
-12914
-12921
-12929
-12932
-12939
-12947
-12950
-12957
-12965
-12968
-13067
-13073
-13079
-13086
-13094
-13097
-13104
-13112
-13115
-13122
-13130
-13133
-13140
-13148
-13151
-13250
-13256
-13262
-13269
-13277
-13280
-13287
-13295
-13298
-13305
-13313
-13316
-13323
-13331
-13334
-13432
-13439
-13444
-13452
-13459
-13462
-13470
-13477
-13480
-13488
-13495
-13498
-13506
-13513
-13516
-13617
-13624
-13631
-13640
-13646
-13652
-13661
-13667
-13673
-13682
-13688
-13694
-13702
-13709
-13714
-13724
-13730
-13736
-13743
-13748
-13754
-13761
-13766
-13772
-13779
-13784
-13790
-13796
-13802
-13807
-13817
-13823
-13829
-13836
-13841
-13847
-13854
-13859
-13865
-13872
-13877
-13883
-13889
-13895
-13900
-13910
-13916
-13922
-13929
-13934
-13940
-13947
-13952
-13958
-13965
-13970
-13976
-13982
-13988
-13993
-14002
-14009
-14014
-14022
-14026
-14032
-14040
-14044
-14050
-14058
-14062
-14068
-14075
-14080
-14085
14760
14765
14771
14778
14786
14789
14796
14804
14807
14814
14822
14825
14832
14840
14843
15300
15305
15311
15318
15326
15329
15336
15344
15347
15354
15362
15365
15372
15380
15383
15840
15845
15851
15858
15866
15869
15876
15884
15887
15894
15902
15905
15912
15920
15923
16380
16385
16391
16398
16406
16409
16416
16424
16427
16434
16442
16445
16452
16460
16463
16560
16565
16571
16578
16586
16589
16596
16604
16607
16614
16622
16625
16632
16640
16643
16740
16748
16751
16763
16766
16769
16781
16784
16787
16799
16802
16805
16817
16820
16823
16920
16928
16931
16943
16946
16949
16961
16964
16967
16979
16982
16985
16997
17000
17003
17100
17108
17111
17123
17126
17129
17141
17144
17147
17159
17162
17165
17177
17180
17183
17279
17280
17285
17288
17290
17291
17298
17303
17305
17306
17308
17309
17316
17321
17323
17324
17326
17327
17334
17339
17341
17342
17344
17345
17352
17357
17359
17360
17362
17363
)


// ************************************************************************* //
