/*--------------------------------*- C++ -*----------------------------------*\
| =========                 |                                                 |
| \\      /  F ield         | OpenFOAM: The Open Source CFD Toolbox           |
|  \\    /   O peration     | Version:  2.3.x                                 |
|   \\  /    A nd           | Web:      www.OpenFOAM.org                      |
|    \\/     M anipulation  |                                                 |
\*---------------------------------------------------------------------------*/
FoamFile
{
    version     2.0;
    format      ascii;
    class       vectorField;
    location    "constant/solid1/polyMesh";
    object      points;
}
// * * * * * * * * * * * * * * * * * * * * * * * * * * * * * * * * * * * * * //


1331
(
(-0.005 -0.005 -0.005)
(-0.004 -0.005 -0.005)
(-0.003 -0.005 -0.005)
(-0.002 -0.005 -0.005)
(-0.001 -0.005 -0.005)
(-2.117532e-20 -0.005 -0.005)
(0.001 -0.005 -0.005)
(0.002 -0.005 -0.005)
(0.003 -0.005 -0.005)
(0.004 -0.005 -0.005)
(0.005 -0.005 -0.005)
(-0.005 -0.004 -0.005)
(-0.005 -0.003 -0.005)
(-0.005 -0.002 -0.005)
(-0.005 -0.001 -0.005)
(-0.005 7.121856e-20 -0.005)
(-0.005 0.001 -0.005)
(-0.005 0.002 -0.005)
(-0.005 0.003 -0.005)
(-0.005 0.004 -0.005)
(-0.005 0.005 -0.005)
(-0.004054907 -0.004054481 -0.005)
(-0.003029035 -0.004090895 -0.005)
(-0.00201103 -0.004094656 -0.005)
(-0.001004716 -0.00408243 -0.005)
(-2.37226e-06 -0.004083604 -0.005)
(0.001000097 -0.004090983 -0.005)
(0.002000436 -0.004070094 -0.005)
(0.002999571 -0.004062297 -0.005)
(0.003998798 -0.004046215 -0.005)
(0.005 -0.004 -0.005)
(-0.004080799 -0.003027025 -0.005)
(-0.003042289 -0.003043768 -0.005)
(-0.002019269 -0.003048403 -0.005)
(-0.001008002 -0.003047089 -0.005)
(-2.987093e-06 -0.00304635 -0.005)
(0.0009995531 -0.003045604 -0.005)
(0.002000376 -0.00304034 -0.005)
(0.003000979 -0.003035049 -0.005)
(0.004002702 -0.00302145 -0.005)
(0.005 -0.003 -0.005)
(-0.00409819 -0.00201155 -0.005)
(-0.003047351 -0.002019587 -0.005)
(-0.002022634 -0.00202271 -0.005)
(-0.001009229 -0.002022697 -0.005)
(-3.28041e-06 -0.002022427 -0.005)
(0.0009990963 -0.00202147 -0.005)
(0.002000238 -0.002019319 -0.005)
(0.003000758 -0.002015697 -0.005)
(0.004000078 -0.002009692 -0.005)
(0.005 -0.002 -0.005)
(-0.004075025 -0.001004304 -0.005)
(-0.003044152 -0.001007287 -0.005)
(-0.002021965 -0.001008598 -0.005)
(-0.001009286 -0.001008827 -0.005)
(-3.367226e-06 -0.001008727 -0.005)
(0.0009990082 -0.001008326 -0.005)
(0.001999866 -0.001007559 -0.005)
(0.003000022 -0.001006489 -0.005)
(0.004003039 -0.001005494 -0.005)
(0.005 -0.001 -0.005)
(-0.004076005 -1.188388e-06 -0.005)
(-0.00304403 -8.007868e-07 -0.005)
(-0.002021439 -8.610166e-07 -0.005)
(-0.001009082 -9.067346e-07 -0.005)
(-3.271151e-06 -9.782522e-07 -0.005)
(0.0009989735 -9.444191e-07 -0.005)
(0.001999722 -7.135918e-07 -0.005)
(0.002999801 -3.754423e-07 -0.005)
(0.003997511 -5.342085e-08 -0.005)
(0.005 -5.780127e-20 -0.005)
(-0.004078768 0.001002698 -0.005)
(-0.003041877 0.001004785 -0.005)
(-0.002020155 0.001005878 -0.005)
(-0.00100842 0.001005965 -0.005)
(-3.094169e-06 0.001005295 -0.005)
(0.0009989183 0.001005231 -0.005)
(0.001999634 0.001005119 -0.005)
(0.003000165 0.001005325 -0.005)
(0.004002461 0.001005543 -0.005)
(0.005 0.001 -0.005)
(-0.004060181 0.002008303 -0.005)
(-0.003036254 0.002013169 -0.005)
(-0.002017095 0.002016673 -0.005)
(-0.001007277 0.002016425 -0.005)
(-2.711311e-06 0.002014003 -0.005)
(0.0009988124 0.002013397 -0.005)
(0.001999075 0.002012884 -0.005)
(0.003000158 0.002011349 -0.005)
(0.003996859 0.002009126 -0.005)
(0.005 0.002 -0.005)
(-0.004048574 0.003018119 -0.005)
(-0.003028209 0.003029763 -0.005)
(-0.002013447 0.003035946 -0.005)
(-0.00100558 0.003034693 -0.005)
(-2.17932e-06 0.003030223 -0.005)
(0.0009989674 0.003027593 -0.005)
(0.001998604 0.003024271 -0.005)
(0.002998391 0.00302544 -0.005)
(0.004004614 0.00301807 -0.005)
(0.005 0.003 -0.005)
(-0.00404224 0.004046159 -0.005)
(-0.003017925 0.004058462 -0.005)
(-0.002007547 0.004072325 -0.005)
(-0.00100021 0.004062104 -0.005)
(-2.08329e-06 0.004054826 -0.005)
(0.0009977794 0.004053449 -0.005)
(0.001997333 0.004035776 -0.005)
(0.002996424 0.004050117 -0.005)
(0.003989336 0.004044377 -0.005)
(0.005 0.004 -0.005)
(-0.004 0.005 -0.005)
(-0.003 0.005 -0.005)
(-0.002 0.005 -0.005)
(-0.001 0.005 -0.005)
(6.064725e-20 0.005 -0.005)
(0.001 0.005 -0.005)
(0.002 0.005 -0.005)
(0.003 0.005 -0.005)
(0.004 0.005 -0.005)
(0.005 0.005 -0.005)
(-0.005 -0.005 -0.004)
(-0.005 -0.005 -0.003)
(-0.005 -0.005 -0.002)
(-0.005 -0.005 -0.001)
(-0.005 -0.005 -3.177674e-21)
(-0.005 -0.005 0.001)
(-0.005 -0.005 0.002)
(-0.005 -0.005 0.003)
(-0.005 -0.005 0.004)
(-0.005 -0.005 0.005)
(-0.004044418 -0.005 -0.00404625)
(-0.003020978 -0.005 -0.004056305)
(-0.002008997 -0.005 -0.004059782)
(-0.001004256 -0.005 -0.004073944)
(-2.102683e-06 -0.005 -0.00406595)
(0.0009968438 -0.005 -0.004077689)
(0.001999642 -0.005 -0.004069602)
(0.003000527 -0.005 -0.004047643)
(0.004007715 -0.005 -0.004036783)
(0.005 -0.005 -0.004)
(-0.004068891 -0.005 -0.003021281)
(-0.003034429 -0.005 -0.003030164)
(-0.002016674 -0.005 -0.003035981)
(-0.001006829 -0.005 -0.003040919)
(-2.341952e-06 -0.005 -0.003043658)
(0.0009999213 -0.005 -0.003041632)
(0.002001256 -0.005 -0.003032344)
(0.003002574 -0.005 -0.003026087)
(0.004005638 -0.005 -0.003016925)
(0.005 -0.005 -0.003)
(-0.004064747 -0.005 -0.002008214)
(-0.00304107 -0.005 -0.002014367)
(-0.00201948 -0.005 -0.002016394)
(-0.001008245 -0.005 -0.002019501)
(-2.683943e-06 -0.005 -0.002020784)
(0.0009998512 -0.005 -0.002020117)
(0.002001661 -0.005 -0.002016924)
(0.003004066 -0.005 -0.002012844)
(0.004006742 -0.005 -0.002006796)
(0.005 -0.005 -0.002)
(-0.004079941 -0.005 -0.001005073)
(-0.003043545 -0.005 -0.001005068)
(-0.002020545 -0.005 -0.001006883)
(-0.001008532 -0.005 -0.001007688)
(-2.841718e-06 -0.005 -0.001008095)
(0.0009998075 -0.005 -0.001007603)
(0.002001486 -0.005 -0.001006441)
(0.003003028 -0.005 -0.00100449)
(0.004003615 -0.005 -0.001002351)
(0.005 -0.005 -0.001)
(-0.004064007 -0.005 -6.710347e-07)
(-0.003040003 -0.005 -7.220585e-07)
(-0.002019674 -0.005 -7.197637e-07)
(-0.001008396 -0.005 -6.851039e-07)
(-2.819195e-06 -0.005 -7.370699e-07)
(0.0009996862 -0.005 -5.826981e-07)
(0.002001465 -0.005 -2.625619e-07)
(0.003003563 -0.005 1.897786e-07)
(0.004007011 -0.005 -3.615589e-07)
(0.005 -0.005 -5.90415e-20)
(-0.004059598 -0.005 0.001002991)
(-0.003036687 -0.005 0.001003776)
(-0.002018773 -0.005 0.001005194)
(-0.001007966 -0.005 0.001005643)
(-2.71413e-06 -0.005 0.001005851)
(0.0009996204 -0.005 0.001005767)
(0.002001114 -0.005 0.0010054)
(0.003003243 -0.005 0.001004641)
(0.00400877 -0.005 0.001003339)
(0.005 -0.005 0.001)
(-0.004065802 -0.005 0.002006323)
(-0.003036047 -0.005 0.002011048)
(-0.002018066 -0.005 0.002014985)
(-0.001007524 -0.005 0.002015899)
(-2.497995e-06 -0.005 0.002016524)
(0.0009994366 -0.005 0.002015936)
(0.002000768 -0.005 0.002014065)
(0.003001987 -0.005 0.002012384)
(0.00400442 -0.005 0.002007993)
(0.005 -0.005 0.002)
(-0.004051239 -0.005 0.003014618)
(-0.003032054 -0.005 0.003024021)
(-0.002015981 -0.005 0.003036047)
(-0.001006225 -0.005 0.003033471)
(-2.090324e-06 -0.005 0.003034534)
(0.0009993694 -0.005 0.00303279)
(0.002000069 -0.005 0.003032059)
(0.003001565 -0.005 0.00302552)
(0.004003453 -0.005 0.003020271)
(0.005 -0.005 0.003)
(-0.004060033 -0.005 0.004029208)
(-0.0030239 -0.005 0.004056929)
(-0.002010763 -0.005 0.004062082)
(-0.001003019 -0.005 0.004059738)
(-2.1793e-06 -0.005 0.004077717)
(0.0009976021 -0.005 0.004052494)
(0.001997329 -0.005 0.004050888)
(0.003001541 -0.005 0.004046668)
(0.004004237 -0.005 0.004041761)
(0.005 -0.005 0.004)
(-0.004 -0.005 0.005)
(-0.003 -0.005 0.005)
(-0.002 -0.005 0.005)
(-0.001 -0.005 0.005)
(4.469877e-20 -0.005 0.005)
(0.001 -0.005 0.005)
(0.002 -0.005 0.005)
(0.003 -0.005 0.005)
(0.004 -0.005 0.005)
(0.005 -0.005 0.005)
(-0.005 -0.004035017 -0.004055054)
(-0.005 -0.003016506 -0.004045395)
(-0.005 -0.002006408 -0.004065301)
(-0.005 -0.001002949 -0.004065304)
(-0.005 -2.915998e-07 -0.004074181)
(-0.005 0.001001097 -0.004068595)
(-0.005 0.002006926 -0.004056531)
(-0.005 0.003015949 -0.004049865)
(-0.005 0.004037058 -0.004051438)
(-0.005 0.005 -0.004)
(-0.005 -0.004060467 -0.003015732)
(-0.005 -0.00302931 -0.003027228)
(-0.005 -0.002013075 -0.00303185)
(-0.005 -0.001005036 -0.003036889)
(-0.005 -4.827288e-07 -0.003039328)
(-0.005 0.00100418 -0.003035156)
(-0.005 0.002011457 -0.003033493)
(-0.005 0.003024338 -0.003028925)
(-0.005 0.004055449 -0.00302079)
(-0.005 0.005 -0.003)
(-0.005 -0.004068334 -0.002008052)
(-0.005 -0.003036049 -0.002012132)
(-0.005 -0.002016486 -0.002015245)
(-0.005 -0.001006087 -0.002017239)
(-0.005 -5.083956e-07 -0.002017945)
(-0.005 0.00100489 -0.002017352)
(-0.005 0.002013103 -0.002015809)
(-0.005 0.00302764 -0.002013294)
(-0.005 0.00405446 -0.002009492)
(-0.005 0.005 -0.002)
(-0.005 -0.004061534 -0.001003165)
(-0.005 -0.003034557 -0.001004578)
(-0.005 -0.002017071 -0.001005567)
(-0.005 -0.001006676 -0.001006448)
(-0.005 -5.137202e-07 -0.001006823)
(-0.005 0.001005074 -0.001006559)
(-0.005 0.002013794 -0.00100585)
(-0.005 0.003027863 -0.001004269)
(-0.005 0.004046503 -0.001002534)
(-0.005 0.005 -0.001)
(-0.005 -0.004058825 1.408562e-06)
(-0.005 -0.003034162 -1.659144e-07)
(-0.005 -0.002017026 4.777422e-08)
(-0.005 -0.001006493 -1.13692e-08)
(-0.005 -3.771497e-07 -1.01599e-07)
(-0.005 0.001005233 -5.568656e-08)
(-0.005 0.002013839 6.232484e-08)
(-0.005 0.003027783 6.262267e-07)
(-0.005 0.004042527 9.688962e-07)
(-0.005 0.005 6.666145e-20)
(-0.005 -0.004042597 0.001003323)
(-0.005 -0.003035517 0.001004711)
(-0.005 -0.002015534 0.00100583)
(-0.005 -0.001006093 0.001006186)
(-0.005 -2.206421e-07 0.001006248)
(-0.005 0.001005489 0.001005997)
(-0.005 0.002014696 0.001005317)
(-0.005 0.003031038 0.001004242)
(-0.005 0.004057591 0.001002181)
(-0.005 0.005 0.001)
(-0.005 -0.004044013 0.002005512)
(-0.005 -0.00303128 0.002013341)
(-0.005 -0.002014644 0.002015897)
(-0.005 -0.001005045 0.00201689)
(-0.005 -3.968925e-08 0.002016703)
(-0.005 0.001005353 0.002015729)
(-0.005 0.002013972 0.002013405)
(-0.005 0.00303201 0.002010854)
(-0.005 0.004050959 0.002006998)
(-0.005 0.005 0.002)
(-0.005 -0.004047495 0.003016398)
(-0.005 -0.003026314 0.00302732)
(-0.005 -0.00201187 0.003033003)
(-0.005 -0.001004445 0.003035935)
(-0.005 1.800083e-07 0.003033823)
(-0.005 0.00100475 0.003034495)
(-0.005 0.00201191 0.003026903)
(-0.005 0.003024681 0.003019597)
(-0.005 0.004050212 0.003011831)
(-0.005 0.005 0.003)
(-0.005 -0.004038244 0.004031072)
(-0.005 -0.003017534 0.004057913)
(-0.005 -0.002007732 0.004060964)
(-0.005 -0.001002256 0.004066705)
(-0.005 -6.995422e-07 0.004054914)
(-0.005 0.001003323 0.004066855)
(-0.005 0.002006861 0.004049815)
(-0.005 0.003014683 0.004039137)
(-0.005 0.004027912 0.004013414)
(-0.005 0.005 0.004)
(-0.005 -0.004 0.005)
(-0.005 -0.003 0.005)
(-0.005 -0.002 0.005)
(-0.005 -0.001 0.005)
(-0.005 6.56743e-20 0.005)
(-0.005 0.001 0.005)
(-0.005 0.002 0.005)
(-0.005 0.003 0.005)
(-0.005 0.004 0.005)
(-0.005 0.005 0.005)
(-0.004032216 -0.004029702 -0.004030383)
(-0.003025752 -0.004037996 -0.00402559)
(-0.002013366 -0.004039569 -0.0040266)
(-0.001006447 -0.004036117 -0.004030783)
(-3.057062e-06 -0.004036017 -0.004029597)
(0.0009985283 -0.004037016 -0.004032195)
(0.00199997 -0.004030667 -0.004029066)
(0.003000532 -0.004027345 -0.004022092)
(0.004001908 -0.004025023 -0.004021609)
(0.005 -0.004032321 -0.00403202)
(-0.004035275 -0.003023279 -0.004022713)
(-0.003032546 -0.003032977 -0.004011262)
(-0.002019048 -0.003036234 -0.004009045)
(-0.001009479 -0.003035643 -0.004009224)
(-4.218232e-06 -0.003035078 -0.004009139)
(0.0009985384 -0.003034165 -0.004009358)
(0.001999921 -0.00303043 -0.004008921)
(0.003000663 -0.003026274 -0.004009414)
(0.004001138 -0.003019204 -0.004018122)
(0.005 -0.003014908 -0.004039335)
(-0.004039675 -0.002012005 -0.004027172)
(-0.003035648 -0.002018626 -0.004008971)
(-0.002021558 -0.002021346 -0.004004679)
(-0.001010876 -0.002021633 -0.00400371)
(-4.856703e-06 -0.002021319 -0.004003466)
(0.000998156 -0.002020406 -0.004003527)
(0.001999654 -0.002018361 -0.004003968)
(0.003000335 -0.0020153 -0.004006449)
(0.004000319 -0.002010512 -0.004018161)
(0.005 -0.002007097 -0.004042827)
(-0.004033791 -0.001005151 -0.004028186)
(-0.003033915 -0.001008117 -0.004008691)
(-0.00202134 -0.001009514 -0.004003612)
(-0.001011065 -0.001009847 -0.004002246)
(-5.054523e-06 -0.001009743 -0.004001892)
(0.000997953 -0.001009273 -0.004001963)
(0.001999351 -0.001008346 -0.004002666)
(0.002999989 -0.001006994 -0.004005534)
(0.004000781 -0.00100526 -0.004016624)
(0.005 -0.001004245 -0.004036747)
(-0.004033044 -8.493022e-07 -0.00403072)
(-0.003033124 -1.127355e-06 -0.00400902)
(-0.002020759 -1.298075e-06 -0.004003485)
(-0.001010813 -1.404683e-06 -0.004001986)
(-4.987966e-06 -1.485881e-06 -0.004001598)
(0.0009978845 -1.384508e-06 -0.004001685)
(0.00199917 -1.056511e-06 -0.004002494)
(0.002999645 -5.407918e-07 -0.004005699)
(0.003999428 5.336305e-08 -0.004018346)
(0.005 3.472237e-07 -0.004043005)
(-0.00403265 0.00100318 -0.004028944)
(-0.003031505 0.00100511 -0.004008892)
(-0.002019552 0.001006057 -0.004003786)
(-0.001010147 0.001006101 -0.004002418)
(-4.734995e-06 0.001005612 -0.00400208)
(0.000997891 0.001005393 -0.004002163)
(0.001999091 0.001005309 -0.004002941)
(0.0029998 0.0010054 -0.004006119)
(0.004000453 0.001005461 -0.004018935)
(0.005 0.001005752 -0.004044135)
(-0.004026901 0.002009488 -0.004025413)
(-0.003027812 0.002013078 -0.004009122)
(-0.002017299 0.002015297 -0.004005221)
(-0.001009009 0.002015167 -0.004004243)
(-4.26499e-06 0.002013735 -0.004004046)
(0.0009979259 0.002012887 -0.004004079)
(0.001998803 0.002012214 -0.004004659)
(0.002999477 0.00201157 -0.004007317)
(0.003999183 0.002009934 -0.004019245)
(0.005 0.002007656 -0.004044503)
(-0.004024304 0.003018362 -0.004023915)
(-0.003024346 0.003023299 -0.004012753)
(-0.002014797 0.003026537 -0.004011136)
(-0.00100742 0.003025697 -0.004010683)
(-3.570981e-06 0.003023147 -0.004010951)
(0.0009980882 0.003021222 -0.004010708)
(0.001998451 0.003019211 -0.00401085)
(0.002998762 0.003019734 -0.004011973)
(0.004000433 0.003017688 -0.004019068)
(0.005 0.003015946 -0.004037663)
(-0.004033321 0.004026179 -0.004029674)
(-0.003024483 0.004026022 -0.004030916)
(-0.002012308 0.004029506 -0.004035671)
(-0.001004895 0.00402665 -0.004034596)
(-2.64648e-06 0.004023863 -0.00403695)
(0.0009981967 0.004022246 -0.004034869)
(0.001997863 0.004017739 -0.004034909)
(0.002997332 0.004021594 -0.004033394)
(0.003995872 0.004024246 -0.004028035)
(0.005 0.00403318 -0.004028937)
(-0.004065535 0.005 -0.004043236)
(-0.003029516 0.005 -0.004069813)
(-0.002011298 0.005 -0.004086814)
(-0.00100445 0.005 -0.004078816)
(-1.549708e-06 0.005 -0.004088228)
(0.000999306 0.005 -0.00407916)
(0.00199792 0.005 -0.004082035)
(0.002997442 0.005 -0.004079743)
(0.003994297 0.005 -0.004060506)
(0.005 0.005 -0.004)
(-0.004030373 -0.004027822 -0.00302004)
(-0.003028364 -0.004014914 -0.003023967)
(-0.002017137 -0.004012268 -0.00302714)
(-0.001008606 -0.00401111 -0.003030284)
(-3.735382e-06 -0.004010849 -0.003031453)
(0.0009989276 -0.004010739 -0.003030511)
(0.00200059 -0.00400993 -0.003025745)
(0.00300174 -0.004011125 -0.003020855)
(0.004002317 -0.004020738 -0.003016196)
(0.005 -0.004044926 -0.003014147)
(-0.004015025 -0.003024988 -0.003022123)
(-0.003022604 -0.003021544 -0.003017265)
(-0.002017227 -0.003020174 -0.003015877)
(-0.001010223 -0.003019259 -0.003016254)
(-5.202021e-06 -0.003018723 -0.003016451)
(0.0009978839 -0.00301814 -0.003016029)
(0.001999701 -0.003017048 -0.003014705)
(0.00300067 -0.003017042 -0.003014299)
(0.004000687 -0.003019531 -0.003016989)
(0.005 -0.003023126 -0.00302059)
(-0.0040123 -0.002014394 -0.003024983)
(-0.003020426 -0.002015586 -0.003015167)
(-0.002017227 -0.002016169 -0.00301037)
(-0.00101104 -0.00201601 -0.003008904)
(-6.06413e-06 -0.002015621 -0.003008468)
(0.0009971501 -0.002014974 -0.003008372)
(0.001999042 -0.002013918 -0.003008773)
(0.003000003 -0.00201271 -0.00301128)
(0.004000174 -0.002011704 -0.003017639)
(0.005 -0.00201089 -0.00302301)
(-0.004010634 -0.001006403 -0.003027559)
(-0.00301891 -0.001007872 -0.003015153)
(-0.002016677 -0.001008684 -0.003008658)
(-0.001011104 -0.001008833 -0.003006339)
(-6.353154e-06 -0.001008667 -0.003005605)
(0.0009967965 -0.001008236 -0.003005641)
(0.001998661 -0.001007495 -0.003006678)
(0.002999663 -0.001006453 -0.003010231)
(0.004000073 -0.001005309 -0.003017378)
(0.005 -0.001004409 -0.003022445)
(-0.004010117 -7.718123e-07 -0.003028966)
(-0.003018135 -1.213776e-06 -0.003015499)
(-0.002016127 -1.516997e-06 -0.003008415)
(-0.00101087 -1.660274e-06 -0.00300584)
(-6.334356e-06 -1.688869e-06 -0.003005028)
(0.0009966815 -1.515631e-06 -0.003005115)
(0.001998466 -1.098445e-06 -0.003006365)
(0.002999435 -4.588921e-07 -0.003010364)
(0.003999839 1.286743e-07 -0.003018271)
(0.005 3.295636e-07 -0.003024101)
(-0.004009933 0.001004645 -0.003027253)
(-0.003017573 0.001005004 -0.003015364)
(-0.002015545 0.001005154 -0.003009031)
(-0.001010456 0.001004986 -0.003006766)
(-6.121643e-06 0.001004683 -0.003006077)
(0.000996723 0.001004595 -0.003006165)
(0.001998408 0.001004793 -0.003007298)
(0.002999412 0.001005276 -0.003011051)
(0.00399992 0.001005605 -0.003018774)
(0.005 0.001005265 -0.003024696)
(-0.004009762 0.002011657 -0.003025591)
(-0.003017391 0.002011438 -0.003015942)
(-0.002015088 0.002011418 -0.00301143)
(-0.001009923 0.002010932 -0.003010022)
(-5.72514e-06 0.002010168 -0.003009691)
(0.0009968933 0.002009754 -0.003009717)
(0.001998359 0.002009841 -0.003010329)
(0.002999262 0.002010728 -0.003012797)
(0.003999725 0.002011867 -0.003018775)
(0.005 0.002011784 -0.003023973)
(-0.004013497 0.003020333 -0.003023604)
(-0.003020637 0.003016138 -0.003019441)
(-0.00201575 0.003014759 -0.003018547)
(-0.001009381 0.003013685 -0.003018694)
(-5.062425e-06 0.003012535 -0.003019171)
(0.0009972869 0.003011849 -0.003019051)
(0.001998382 0.003011876 -0.003018565)
(0.002999018 0.00301445 -0.003018078)
(0.003999683 0.003019707 -0.003018393)
(0.005 0.00302439 -0.00302013)
(-0.004034502 0.004024119 -0.003022075)
(-0.00303124 0.004011237 -0.00302863)
(-0.002017896 0.004009088 -0.003032616)
(-0.001008628 0.004007998 -0.00303453)
(-4.003898e-06 0.004007202 -0.003036482)
(0.0009979326 0.004006782 -0.00303626)
(0.001998523 0.004006595 -0.003034409)
(0.002998602 0.00400956 -0.003030632)
(0.003998491 0.00402092 -0.003021089)
(0.005 0.004045523 -0.003013238)
(-0.004081334 0.005 -0.003020924)
(-0.00304161 0.005 -0.003037153)
(-0.002018356 0.005 -0.003042711)
(-0.001007289 0.005 -0.003045699)
(-2.777686e-06 0.005 -0.003049333)
(0.0009985878 0.005 -0.003049564)
(0.001998752 0.005 -0.003046338)
(0.002998678 0.005 -0.003042034)
(0.00399698 0.005 -0.003027373)
(0.005 0.005 -0.003)
(-0.004029352 -0.004028831 -0.002010421)
(-0.003030763 -0.00401001 -0.002014133)
(-0.002019083 -0.004005575 -0.002016277)
(-0.001009794 -0.004004365 -0.002018333)
(-4.197389e-06 -0.00400403 -0.002019167)
(0.0009988955 -0.004004036 -0.002018452)
(0.00200089 -0.004004523 -0.002015845)
(0.003002447 -0.004007443 -0.002012448)
(0.004002644 -0.004020113 -0.002008228)
(0.005 -0.004045113 -0.002005743)
(-0.004010536 -0.003027174 -0.002012883)
(-0.003018743 -0.003016906 -0.002012818)
(-0.002016147 -0.003012044 -0.002013009)
(-0.001010449 -0.003010257 -0.00201355)
(-5.662198e-06 -0.003009593 -0.002013746)
(0.0009975867 -0.003009462 -0.002013249)
(0.001999662 -0.003010073 -0.00201199)
(0.003000777 -0.003013126 -0.002010618)
(0.00400066 -0.003020181 -0.002009838)
(0.005 -0.003025846 -0.002009309)
(-0.004005817 -0.002016095 -0.002014934)
(-0.003012924 -0.002013757 -0.002012352)
(-0.002013812 -0.002012036 -0.002010415)
(-0.001010389 -0.002010986 -0.002009555)
(-6.438899e-06 -0.002010429 -0.002009213)
(0.0009966769 -0.002010132 -0.002008954)
(0.001998801 -0.002010178 -0.002008825)
(0.002999897 -0.002010933 -0.002009307)
(0.004000118 -0.002012418 -0.002010607)
(0.005 -0.002012562 -0.002010821)
(-0.004004389 -0.001007156 -0.002016458)
(-0.003010701 -0.001007423 -0.002012544)
(-0.002012428 -0.001007299 -0.002009271)
(-0.001010115 -0.001007063 -0.002007613)
(-6.718823e-06 -0.001006787 -0.002006952)
(0.0009962175 -0.001006467 -0.002006822)
(0.001998319 -0.001006094 -0.002007277)
(0.002999509 -0.001005796 -0.002008766)
(0.003999948 -0.001005495 -0.002010805)
(0.005 -0.001004797 -0.002011122)
(-0.004004002 -7.795559e-07 -0.002017101)
(-0.003009974 -1.146612e-06 -0.002012791)
(-0.00201185 -1.409244e-06 -0.002009131)
(-0.001009879 -1.528714e-06 -0.002007237)
(-6.731508e-06 -1.491964e-06 -0.002006501)
(0.0009960704 -1.263652e-06 -0.002006421)
(0.001998119 -8.098746e-07 -0.002007075)
(0.002999332 -2.525647e-07 -0.002008873)
(0.003999861 1.562715e-07 -0.002011211)
(0.005 2.592028e-07 -0.002011658)
(-0.004004159 0.001005244 -0.002016576)
(-0.003010202 0.001004824 -0.00201282)
(-0.002011915 0.001004255 -0.002009694)
(-0.001009788 0.001003821 -0.002008128)
(-6.618495e-06 0.001003609 -0.002007536)
(0.0009961206 0.001003738 -0.002007468)
(0.0019981 0.001004317 -0.002007959)
(0.002999298 0.001005254 -0.002009425)
(0.003999854 0.00100591 -0.002011463)
(0.005 0.001005485 -0.002011838)
(-0.004005356 0.002012659 -0.002015485)
(-0.003012109 0.002010332 -0.002013103)
(-0.002013051 0.002008588 -0.002011463)
(-0.001009946 0.00200752 -0.002010749)
(-6.36912e-06 0.002006999 -0.002010551)
(0.0009963853 0.002007081 -0.002010459)
(0.001998234 0.002008091 -0.002010437)
(0.002999323 0.002010329 -0.002010629)
(0.003999838 0.002013148 -0.002011362)
(0.005 0.00201379 -0.002011251)
(-0.004010827 0.003021316 -0.002013882)
(-0.003018756 0.003013004 -0.002014342)
(-0.002015952 0.003008952 -0.002015014)
(-0.001010315 0.003007364 -0.002015608)
(-5.817328e-06 0.0030067 -0.002016037)
(0.0009969978 0.003006778 -0.002015924)
(0.001998593 0.003008129 -0.002015117)
(0.002999424 0.003012662 -0.0020133)
(0.003999864 0.003021676 -0.002010865)
(0.005 0.003028711 -0.002009228)
(-0.0040332 0.004023075 -0.002011697)
(-0.003032726 0.004007775 -0.002016624)
(-0.002019872 0.004004167 -0.002019443)
(-0.001010086 0.004003129 -0.002021126)
(-4.586128e-06 0.004002763 -0.002022227)
(0.0009980491 0.0040028 -0.002022204)
(0.001999294 0.004003614 -0.002020846)
(0.002999587 0.004007379 -0.002017404)
(0.003999856 0.004022572 -0.002010752)
(0.005 0.004053347 -0.002005485)
(-0.004077683 0.005 -0.002009452)
(-0.003044149 0.005 -0.002017322)
(-0.002020631 0.005 -0.002020372)
(-0.0010086 0.005 -0.002022326)
(-3.107614e-06 0.005 -0.002023729)
(0.0009989568 0.005 -0.002023895)
(0.002000037 0.005 -0.00202262)
(0.002999536 0.005 -0.002018564)
(0.004000195 0.005 -0.002011283)
(0.005 0.005 -0.002)
(-0.004032814 -0.004026666 -0.001004807)
(-0.003032105 -0.004008447 -0.001006182)
(-0.002019805 -0.004003736 -0.001007478)
(-0.001010165 -0.004002435 -0.001008321)
(-4.394506e-06 -0.004002092 -0.001008644)
(0.0009988125 -0.004002201 -0.001008189)
(0.002000807 -0.004003088 -0.001006983)
(0.003002126 -0.004006737 -0.001005212)
(0.004001923 -0.004021394 -0.001003121)
(0.005 -0.004050653 -0.001001776)
(-0.004009938 -0.003026431 -0.001005641)
(-0.003017741 -0.00301505 -0.001006389)
(-0.002015668 -0.003009044 -0.001006947)
(-0.001010424 -0.003006829 -0.001007335)
(-5.80554e-06 -0.003006105 -0.001007426)
(0.0009974541 -0.003006231 -0.001007058)
(0.001999584 -0.003007605 -0.001006223)
(0.003000696 -0.003012092 -0.001005091)
(0.004000559 -0.003021108 -0.001004018)
(0.005 -0.00302794 -0.001003207)
(-0.004004225 -0.002016318 -0.001006474)
(-0.003010376 -0.002012779 -0.001006448)
(-0.00201209 -0.002009814 -0.001006141)
(-0.001009843 -0.002008241 -0.001005961)
(-6.468748e-06 -0.002007577 -0.001005803)
(0.0009965208 -0.002007528 -0.001005523)
(0.001998692 -0.002008262 -0.001005105)
(0.002999842 -0.00201027 -0.001004747)
(0.00400009 -0.002012922 -0.001004473)
(0.005 -0.002013465 -0.001003902)
(-0.004002655 -0.001007415 -0.001007171)
(-0.003007689 -0.00100705 -0.00100663)
(-0.002010169 -0.001006299 -0.001005736)
(-0.001009318 -0.001005818 -0.001005219)
(-6.674129e-06 -0.001005456 -0.001004884)
(0.0009961165 -0.001005235 -0.001004645)
(0.001998252 -0.001005154 -0.00100446)
(0.002999463 -0.001005461 -0.001004589)
(0.003999924 -0.001005658 -0.001004665)
(0.005 -0.001005071 -0.001004143)
(-0.004002288 -7.497582e-07 -0.00100749)
(-0.003006947 -1.010604e-06 -0.001006798)
(-0.002009539 -1.173397e-06 -0.00100574)
(-0.001009044 -1.230107e-06 -0.001005107)
(-6.684673e-06 -1.1499e-06 -0.001004781)
(0.0009959783 -8.982565e-07 -0.001004526)
(0.001998077 -5.060478e-07 -0.001004449)
(0.002999317 -1.049679e-07 -0.001004708)
(0.003999864 1.584782e-07 -0.001004868)
(0.005 1.974429e-07 -0.001004348)
(-0.004002578 0.001005471 -0.001007298)
(-0.003007502 0.001004779 -0.001006848)
(-0.002009956 0.001003856 -0.001006067)
(-0.001009165 0.001003343 -0.00100566)
(-6.637886e-06 0.001003167 -0.001005409)
(0.0009960333 0.00100343 -0.001005228)
(0.001998099 0.001004139 -0.001005028)
(0.002999323 0.001005296 -0.001005067)
(0.003999866 0.001006086 -0.001005008)
(0.005 0.001005604 -0.001004406)
(-0.0040041 0.002013017 -0.001006718)
(-0.003010124 0.002009904 -0.001006877)
(-0.002011841 0.002007289 -0.001006817)
(-0.001009694 0.002005926 -0.001006834)
(-6.49086e-06 0.002005475 -0.001006844)
(0.0009962985 0.002005831 -0.001006716)
(0.001998316 0.002007293 -0.001006325)
(0.002999483 0.002010237 -0.001005705)
(0.003999924 0.00201365 -0.001004975)
(0.005 0.002014373 -0.001004129)
(-0.00400971 0.003021121 -0.001005615)
(-0.003017584 0.00301191 -0.001006922)
(-0.002015632 0.003006992 -0.001007905)
(-0.001010445 0.003005146 -0.001008531)
(-5.968021e-06 0.003004603 -0.001008874)
(0.0009970551 0.003004993 -0.001008816)
(0.001998911 0.003006878 -0.001008202)
(0.00299993 0.003012206 -0.001006749)
(0.004000098 0.003022101 -0.001004686)
(0.005 0.003029092 -0.001003241)
(-0.004030647 0.004020588 -0.001004058)
(-0.003031399 0.004006603 -0.001006732)
(-0.002019871 0.004002878 -0.001008455)
(-0.00101031 0.004001816 -0.001009537)
(-4.635032e-06 0.004001546 -0.001010154)
(0.000998333 0.00400174 -0.001010203)
(0.001999883 0.004002819 -0.001009512)
(0.003000822 0.004006812 -0.00100775)
(0.004000393 0.004021687 -0.00100422)
(0.005 0.004049183 -0.00100144)
(-0.00406934 0.005 -0.001002652)
(-0.003040757 0.005 -0.001005712)
(-0.00202035 0.005 -0.001007456)
(-0.001008603 0.005 -0.001008593)
(-3.019139e-06 0.005 -0.001009262)
(0.0009994431 0.005 -0.0010094)
(0.002000525 0.005 -0.001008828)
(0.00300176 0.005 -0.001007381)
(0.003999913 0.005 -0.001003865)
(0.005 0.005 -0.001)
(-0.004028414 -0.004025051 -4.323179e-09)
(-0.003030083 -0.004007745 -5.908537e-07)
(-0.002019158 -0.004003235 -7.544774e-07)
(-0.001010017 -0.004001978 -8.497538e-07)
(-4.390002e-06 -0.004001654 -8.846658e-07)
(0.0009987434 -0.004001801 -7.25569e-07)
(0.002000779 -0.004002788 -3.765569e-07)
(0.00300236 -0.00400655 5.908366e-08)
(0.004002824 -0.004020816 2.694805e-07)
(0.005 -0.004047273 7.661925e-07)
(-0.004009028 -0.003025741 -1.53419e-07)
(-0.00301678 -0.003014242 -4.558206e-07)
(-0.002015188 -0.003008136 -7.02038e-07)
(-0.001010279 -0.00300589 -8.510185e-07)
(-5.81018e-06 -0.003005188 -8.731844e-07)
(0.0009973989 -0.003005411 -7.086968e-07)
(0.001999547 -0.00300702 -3.530657e-07)
(0.003000746 -0.003011891 1.012751e-07)
(0.004000689 -0.003021219 4.158883e-07)
(0.005 -0.003027874 5.115925e-07)
(-0.004003785 -0.00201603 -8.656233e-08)
(-0.003009637 -0.002012238 -3.563919e-07)
(-0.002011564 -0.002009036 -6.076285e-07)
(-0.001009652 -0.00200736 -7.615173e-07)
(-6.462941e-06 -0.002006708 -7.651259e-07)
(0.0009964754 -0.00200676 -5.900935e-07)
(0.001998662 -0.002007749 -2.330216e-07)
(0.002999844 -0.002010136 1.743809e-07)
(0.004000108 -0.002013094 4.141337e-07)
(0.005 -0.002013679 4.122008e-07)
(-0.004002284 -0.001007241 -1.580384e-07)
(-0.003006968 -0.001006735 -3.898259e-07)
(-0.002009587 -0.00100583 -5.996707e-07)
(-0.001009069 -0.001005253 -7.276328e-07)
(-6.643335e-06 -0.001004936 -7.159107e-07)
(0.0009961042 -0.00100474 -5.317625e-07)
(0.001998253 -0.001004839 -1.985046e-07)
(0.002999473 -0.001005368 1.563086e-07)
(0.003999929 -0.00100573 3.643751e-07)
(0.005 -0.001005166 3.480536e-07)
(-0.004001933 -5.927037e-07 -2.593505e-07)
(-0.003006239 -8.037626e-07 -4.893594e-07)
(-0.002008952 -9.237166e-07 -6.935125e-07)
(-0.001008805 -9.466084e-07 -8.245588e-07)
(-6.632197e-06 -8.545005e-07 -8.267043e-07)
(0.0009960347 -6.347799e-07 -6.538948e-07)
(0.00199812 -3.309767e-07 -3.388785e-07)
(0.002999355 -2.946987e-08 1.082217e-08)
(0.003999879 1.599088e-07 2.340089e-07)
(0.005 1.786497e-07 2.390275e-07)
(-0.004002248 0.001005665 -2.737281e-07)
(-0.003006853 0.001004937 -5.716218e-07)
(-0.002009426 0.001003938 -8.391087e-07)
(-0.00100893 0.001003395 -1.039683e-06)
(-6.574172e-06 0.001003281 -1.106339e-06)
(0.0009960918 0.001003507 -9.762979e-07)
(0.001998189 0.001004219 -6.488177e-07)
(0.002999408 0.001005389 -2.401944e-07)
(0.003999903 0.001006194 7.700418e-08)
(0.005 0.001005702 1.477178e-07)
(-0.004003838 0.002013235 -1.904905e-07)
(-0.003009616 0.00200999 -5.931171e-07)
(-0.002011457 0.002007163 -9.825396e-07)
(-0.001009535 0.00200571 -1.286753e-06)
(-6.426022e-06 0.00200528 -1.442772e-06)
(0.0009963944 0.002005693 -1.410551e-06)
(0.001998487 0.002007265 -1.115121e-06)
(0.002999675 0.002010388 -5.929201e-07)
(0.004000035 0.002014023 -9.319747e-08)
(0.005 0.00201486 9.328593e-08)
(-0.004009617 0.003021232 2.226381e-07)
(-0.003017326 0.003011852 -4.035945e-07)
(-0.002015437 0.003006695 -9.758641e-07)
(-0.001010353 0.00300477 -1.380366e-06)
(-5.889676e-06 0.003004255 -1.64082e-06)
(0.0009972124 0.003004723 -1.729839e-06)
(0.001999224 0.003006761 -1.573341e-06)
(0.003000423 0.003012414 -1.046879e-06)
(0.004000542 0.003022961 -3.04012e-07)
(0.005 0.003030641 6.779114e-08)
(-0.004031406 0.004019697 1.304561e-06)
(-0.003031627 0.004006397 1.428376e-07)
(-0.002019854 0.004002669 -6.466152e-07)
(-0.001010254 0.004001596 -1.148023e-06)
(-4.538411e-06 0.004001346 -1.470812e-06)
(0.0009985259 0.004001579 -1.653614e-06)
(0.002000374 0.004002745 -1.654234e-06)
(0.003001989 0.004006996 -1.372941e-06)
(0.004002744 0.004023166 -6.77296e-07)
(0.005 0.004054515 -1.582908e-08)
(-0.004072944 0.005 3.764476e-06)
(-0.003042069 0.005 8.618008e-07)
(-0.002020535 0.005 -2.12291e-07)
(-0.00100857 0.005 -7.453318e-07)
(-2.919952e-06 0.005 -1.036454e-06)
(0.000999553 0.005 -1.227247e-06)
(0.002001064 0.005 -1.279125e-06)
(0.003003452 0.005 -1.193496e-06)
(0.004007843 0.005 -1.114109e-06)
(0.005 0.005 1.392121e-21)
(-0.004026667 -0.004020404 0.001003863)
(-0.0030283 -0.00400711 0.001004768)
(-0.002018388 -0.004003401 0.001005782)
(-0.001009667 -0.004002356 0.001006193)
(-4.283924e-06 -0.004002077 0.001006346)
(0.000998681 -0.004002199 0.001006221)
(0.002000576 -0.004003143 0.001005871)
(0.003002212 -0.004006956 0.001005232)
(0.004003235 -0.00402227 0.001004025)
(0.005 -0.004053052 0.00100294)
(-0.004008853 -0.003025034 0.001005364)
(-0.003016543 -0.003014028 0.0010054)
(-0.00201509 -0.003008584 0.001005454)
(-0.001010221 -0.003006667 0.001005449)
(-5.786307e-06 -0.003006057 0.001005443)
(0.0009973661 -0.00300623 0.001005397)
(0.001999465 -0.003007699 0.001005365)
(0.003000692 -0.003012384 0.001005307)
(0.004000737 -0.003021769 0.001005022)
(0.005 -0.003028946 0.001004341)
(-0.004004096 -0.002015209 0.00100635)
(-0.00301027 -0.00201203 0.001005721)
(-0.002012109 -0.002009369 0.001004905)
(-0.001009926 -0.002008018 0.001004398)
(-6.549297e-06 -0.002007465 0.001004217)
(0.0009964595 -0.002007481 0.001004284)
(0.00199866 -0.002008309 0.001004631)
(0.002999852 -0.002010441 0.001005202)
(0.00400012 -0.002013226 0.001005535)
(0.005 -0.002013832 0.001004999)
(-0.004002734 -0.001006824 0.001006725)
(-0.003007912 -0.001006533 0.001005786)
(-0.002010457 -0.001005884 0.001004525)
(-0.001009555 -0.001005498 0.001003783)
(-6.796586e-06 -0.001005211 0.001003477)
(0.0009961011 -0.001005065 0.001003606)
(0.001998301 -0.001005085 0.001004116)
(0.00299952 -0.001005495 0.001005044)
(0.003999946 -0.001005757 0.001005669)
(0.005 -0.001005174 0.001005181)
(-0.004002378 -3.655298e-07 0.001006699)
(-0.003007182 -5.688644e-07 0.001005675)
(-0.002009825 -7.111579e-07 0.001004311)
(-0.00100926 -7.590865e-07 0.001003481)
(-6.756911e-06 -7.010308e-07 0.001003176)
(0.000996045 -5.364872e-07 0.001003256)
(0.001998216 -2.900515e-07 0.001003819)
(0.002999436 -4.363882e-08 0.001004832)
(0.003999905 1.162982e-07 0.001005523)
(0.005 1.400997e-07 0.001005049)
(-0.00400261 0.001005941 0.001006392)
(-0.003007603 0.001005306 0.001005484)
(-0.002010085 0.001004441 0.001004289)
(-0.001009239 0.001003998 0.001003558)
(-6.591083e-06 0.001003833 0.001003211)
(0.0009962107 0.001004016 0.001003273)
(0.001998344 0.001004535 0.001003722)
(0.00299953 0.001005471 0.001004616)
(0.003999946 0.001006107 0.001005263)
(0.005 0.0010056 0.001004836)
(-0.004004066 0.002013896 0.001005738)
(-0.003010019 0.002010634 0.001005271)
(-0.002011718 0.002007983 0.001004589)
(-0.001009565 0.002006667 0.00100408)
(-6.309903e-06 0.002006246 0.001003797)
(0.0009965747 0.00200655 0.001003716)
(0.001998674 0.002007867 0.001003906)
(0.002999818 0.002010607 0.001004398)
(0.004000091 0.002013951 0.001004797)
(0.005 0.002014763 0.001004395)
(-0.004009733 0.003023125 0.001004961)
(-0.003017229 0.003012854 0.001005283)
(-0.002015209 0.003007605 0.001005373)
(-0.00101012 0.003005748 0.001005275)
(-5.687155e-06 0.003005233 0.001005078)
(0.0009973861 0.003005604 0.001004796)
(0.001999364 0.003007452 0.001004463)
(0.003000512 0.003012785 0.001004185)
(0.004000579 0.00302308 0.001003973)
(0.005 0.003030846 0.0010035)
(-0.004032061 0.004023826 0.001004188)
(-0.003031067 0.004007264 0.001005444)
(-0.002019291 0.004003142 0.001006158)
(-0.001009898 0.00400205 0.001006346)
(-4.342217e-06 0.004001791 0.001006243)
(0.0009986363 0.004001982 0.001005833)
(0.002000405 0.004003092 0.001005036)
(0.003001915 0.004007287 0.001003957)
(0.00400267 0.004023613 0.001002689)
(0.005 0.004055553 0.001001985)
(-0.004076781 0.005 0.001004368)
(-0.003041227 0.005 0.001005029)
(-0.002019978 0.005 0.001005833)
(-0.001008294 0.005 0.001006018)
(-2.796947e-06 0.005 0.001006039)
(0.0009996416 0.005 0.001005662)
(0.002001051 0.005 0.001004767)
(0.003003177 0.005 0.001003514)
(0.004007502 0.005 0.001001739)
(0.005 0.005 0.001)
(-0.004027958 -0.004020468 0.002008438)
(-0.003027952 -0.004008042 0.002011699)
(-0.002017863 -0.004004987 0.002014381)
(-0.001009248 -0.004004296 0.002015167)
(-4.085602e-06 -0.004004058 0.002015517)
(0.0009985854 -0.004003999 0.002014912)
(0.002000245 -0.004004626 0.002013744)
(0.003001488 -0.004007799 0.00201217)
(0.004001982 -0.004021251 0.002009514)
(0.005 -0.00404801 0.0020074)
(-0.004010129 -0.003023441 0.002012763)
(-0.003018034 -0.003015041 0.00201162)
(-0.002015848 -0.003011245 0.002011414)
(-0.001010375 -0.003010083 0.002011304)
(-5.7258e-06 -0.0030096 0.002011264)
(0.0009973801 -0.003009464 0.002010987)
(0.001999364 -0.003010258 0.002010776)
(0.0030005 -0.003013625 0.002010886)
(0.004000562 -0.003021152 0.002011362)
(0.005 -0.003027198 0.002011127)
(-0.004005965 -0.002014379 0.002014923)
(-0.003013343 -0.002012568 0.002011609)
(-0.002014331 -0.00201134 0.002009223)
(-0.001010787 -0.002010708 0.002008018)
(-6.677642e-06 -0.002010322 0.002007618)
(0.0009965446 -0.002010084 0.002007657)
(0.001998737 -0.002010287 0.002008371)
(0.002999889 -0.002011221 0.002010059)
(0.004000123 -0.002012837 0.002012401)
(0.005 -0.002013009 0.002012899)
(-0.004004798 -0.00100621 0.002015803)
(-0.003011547 -0.001006598 0.002011588)
(-0.002013324 -0.001006637 0.002008118)
(-0.001010732 -0.001006573 0.00200633)
(-7.006061e-06 -0.001006403 0.002005716)
(0.0009961899 -0.001006174 0.002005908)
(0.001998446 -0.001005959 0.002007086)
(0.00299965 -0.001005823 0.002009625)
(0.003999987 -0.001005587 0.002012716)
(0.005 -0.001004858 0.002013437)
(-0.004004321 -1.578137e-07 0.00201559)
(-0.003010693 -3.926673e-07 0.002011334)
(-0.002012634 -5.831687e-07 0.002007699)
(-0.001010401 -6.825479e-07 0.002005784)
(-6.903821e-06 -6.711035e-07 0.002005116)
(0.0009962068 -5.573208e-07 0.002005324)
(0.001998437 -3.56286e-07 0.002006597)
(0.002999614 -1.361651e-07 0.002009274)
(0.003999943 2.189588e-08 0.00201241)
(0.005 6.801623e-08 0.002013061)
(-0.004004225 0.001005933 0.002014854)
(-0.0030105 0.001005762 0.002011012)
(-0.002012305 0.001005411 0.002007819)
(-0.001010021 0.001005148 0.002006153)
(-6.568431e-06 0.001005002 0.002005537)
(0.0009964728 0.001005006 0.002005664)
(0.001998649 0.001005215 0.002006714)
(0.00299978 0.001005551 0.002009081)
(0.004000038 0.001005674 0.002012009)
(0.005 0.001005062 0.00201268)
(-0.004005157 0.002013725 0.002012982)
(-0.003011839 0.002011559 0.00201059)
(-0.002012872 0.002010042 0.002008782)
(-0.001009778 0.00200923 0.002007789)
(-6.060135e-06 0.002008866 0.002007351)
(0.0009969449 0.002008857 0.002007249)
(0.001999013 0.002009518 0.00200769)
(0.003000052 0.002010986 0.002009047)
(0.00400018 0.002013099 0.002011171)
(0.005 0.002013521 0.002011686)
(-0.004009814 0.003023395 0.002010997)
(-0.003017271 0.003014348 0.002010943)
(-0.002014897 0.00301024 0.002011237)
(-0.001009667 0.003008894 0.002011273)
(-5.289673e-06 0.003008405 0.002011071)
(0.0009976527 0.003008432 0.002010597)
(0.001999451 0.003009652 0.002009916)
(0.003000371 0.00301356 0.002009388)
(0.004000344 0.003021936 0.002009565)
(0.005 0.003028895 0.002009459)
(-0.004028879 0.004022868 0.002009102)
(-0.003028783 0.004008188 0.002012274)
(-0.002017717 0.00400465 0.002014703)
(-0.001009018 0.004003798 0.002015557)
(-3.964319e-06 0.004003521 0.002015483)
(0.0009986552 0.004003519 0.002014767)
(0.002000017 0.004004399 0.002012956)
(0.003000799 0.004007938 0.002010241)
(0.004000576 0.004022983 0.002007172)
(0.005 0.00405462 0.002005827)
(-0.004066726 0.005 0.002008403)
(-0.003038106 0.005 0.002012505)
(-0.002018144 0.005 0.002015629)
(-0.00100748 0.005 0.002016736)
(-2.550852e-06 0.005 0.002016351)
(0.0009994442 0.005 0.002016026)
(0.002000358 0.005 0.002013809)
(0.003001187 0.005 0.00201025)
(0.00400034 0.005 0.002005187)
(0.005 0.005 0.002)
(-0.004026141 -0.00402258 0.003016613)
(-0.003026847 -0.004012839 0.003020598)
(-0.002016758 -0.004011089 0.003025557)
(-0.001008274 -0.004011418 0.003025616)
(-3.661209e-06 -0.004011139 0.00302636)
(0.0009985141 -0.004010334 0.003024611)
(0.001999811 -0.004010109 0.003023349)
(0.003001124 -0.004011927 0.003020554)
(0.004001559 -0.004022216 0.00301859)
(0.005 -0.004047621 0.003016967)
(-0.004015078 -0.003022475 0.003021795)
(-0.003023285 -0.003019846 0.003016082)
(-0.002017909 -0.00301916 0.003014588)
(-0.001010573 -0.00301952 0.003014002)
(-5.41224e-06 -0.003019077 0.003013981)
(0.0009976017 -0.003018076 0.003013385)
(0.001999399 -0.003017382 0.003013365)
(0.003000559 -0.00301791 0.003014703)
(0.004000696 -0.003020708 0.003019284)
(0.005 -0.003024325 0.003023641)
(-0.00401311 -0.002013254 0.003024918)
(-0.003022265 -0.002014647 0.003014505)
(-0.002018773 -0.002015566 0.003009492)
(-0.001011954 -0.002016024 0.003007752)
(-6.492119e-06 -0.002015767 0.003007267)
(0.0009969886 -0.002015031 0.003007311)
(0.001999032 -0.002014167 0.003008433)
(0.003000118 -0.002013139 0.003012296)
(0.004000237 -0.002012046 0.003020475)
(0.005 -0.002011046 0.003026896)
(-0.004012263 -0.001005689 0.00302649)
(-0.003021396 -0.001007113 0.003014207)
(-0.002018653 -0.001008062 0.003007804)
(-0.001012229 -0.001008445 0.00300547)
(-6.805907e-06 -0.001008361 0.003004789)
(0.0009967975 -0.001007956 0.003005041)
(0.001998947 -0.001007346 0.003006673)
(0.003000029 -0.001006407 0.003011519)
(0.004000124 -0.001005141 0.003020918)
(0.005 -0.00100404 0.003027983)
(-0.004011162 -7.055418e-08 0.003025498)
(-0.003020037 -3.208571e-07 0.003013703)
(-0.002017745 -5.269666e-07 0.003007268)
(-0.001011792 -6.516799e-07 0.003004852)
(-6.614667e-06 -6.664377e-07 0.003004128)
(0.0009969148 -5.836448e-07 0.003004413)
(0.001999052 -4.296127e-07 0.003006118)
(0.003000027 -2.600271e-07 0.003011004)
(0.003999923 -9.916245e-08 0.003020111)
(0.005 -2.380359e-08 0.00302651)
(-0.004009973 0.001005535 0.003025167)
(-0.00301839 0.001006354 0.003013505)
(-0.00201645 0.001006833 0.00300752)
(-0.001010961 0.001006923 0.003005345)
(-6.110796e-06 0.001006808 0.003004681)
(0.0009972663 0.001006588 0.003004886)
(0.001999386 0.001006335 0.003006375)
(0.003000427 0.001005758 0.003010901)
(0.00400032 0.001004846 0.003019726)
(0.005 0.001003886 0.003026272)
(-0.004009303 0.002012599 0.003021044)
(-0.003017318 0.002013338 0.003012932)
(-0.002015278 0.002013878 0.003008998)
(-0.001009974 0.00201397 0.003007587)
(-5.410089e-06 0.00201368 0.003007109)
(0.0009977541 0.002013151 0.00300706)
(0.001999775 0.002012806 0.003007882)
(0.00300085 0.002012133 0.00301117)
(0.004000714 0.002011316 0.003018618)
(0.005 0.002010387 0.003024677)
(-0.004012362 0.003021204 0.003017191)
(-0.003019209 0.00301825 0.003014451)
(-0.002014844 0.003017342 0.003014206)
(-0.00100887 0.003017197 0.003014022)
(-4.492513e-06 0.00301668 0.003013876)
(0.0009983074 0.003015804 0.003013209)
(0.00199997 0.003015931 0.003012519)
(0.003000874 0.003016555 0.003012762)
(0.004000766 0.003019108 0.003016227)
(0.005 0.003022224 0.003020189)
(-0.004026182 0.004022865 0.003015172)
(-0.003025128 0.004012199 0.003020178)
(-0.002014794 0.004010105 0.003025167)
(-0.00100735 0.004009963 0.003026062)
(-3.275377e-06 0.004009555 0.003026525)
(0.0009989265 0.004008746 0.003024917)
(0.001999862 0.004009397 0.003021993)
(0.003000121 0.004010962 0.003017407)
(0.004000273 0.004019799 0.003013606)
(0.005 0.004041177 0.003013696)
(-0.004056458 0.005 0.003017647)
(-0.003031121 0.005 0.003024595)
(-0.002013781 0.005 0.003033626)
(-0.00100558 0.005 0.003034282)
(-2.121348e-06 0.005 0.003035623)
(0.0009995382 0.005 0.003033927)
(0.00199971 0.005 0.003029458)
(0.002999059 0.005 0.003021485)
(0.003999552 0.005 0.003012016)
(0.005 0.005 0.003)
(-0.004036638 -0.004030167 0.004020487)
(-0.003027405 -0.004033695 0.00402417)
(-0.002014765 -0.004034379 0.004026289)
(-0.00100621 -0.004038936 0.004026425)
(-2.959869e-06 -0.004038135 0.004030537)
(0.0009981066 -0.004033853 0.004023832)
(0.001999088 -0.004031192 0.004022384)
(0.003001065 -0.00403036 0.004021316)
(0.004001685 -0.004028382 0.004024761)
(0.005 -0.004033449 0.004038776)
(-0.004038707 -0.003023853 0.004024661)
(-0.003036047 -0.003031802 0.004011098)
(-0.002021076 -0.00303454 0.004008637)
(-0.001010232 -0.003037185 0.004008144)
(-4.483487e-06 -0.003036345 0.004008491)
(0.000998216 -0.003033762 0.004007517)
(0.001999736 -0.003030997 0.004007549)
(0.00300104 -0.003027879 0.004009544)
(0.004002074 -0.003021287 0.00402027)
(0.005 -0.003015651 0.00404376)
(-0.004041592 -0.002012393 0.004026087)
(-0.003039899 -0.002018316 0.00400861)
(-0.002024227 -0.002020949 0.00400437)
(-0.001012206 -0.002022328 0.004003287)
(-5.354969e-06 -0.002021986 0.004003077)
(0.0009980378 -0.002020653 0.004003044)
(0.00199969 -0.002018941 0.004003761)
(0.003000667 -0.002016084 0.004007077)
(0.004000604 -0.002010807 0.004020885)
(0.005 -0.002006573 0.004048468)
(-0.004041073 -0.001004882 0.004027713)
(-0.003039743 -0.001007526 0.004008233)
(-0.002024695 -0.001009149 0.004003301)
(-0.001012621 -0.001009826 0.004001953)
(-5.569767e-06 -0.001009738 0.004001629)
(0.0009980431 -0.001009169 0.004001761)
(0.001999869 -0.001008298 0.004002735)
(0.003000895 -0.001006861 0.004006515)
(0.004000673 -0.001004285 0.004021418)
(0.005 -0.001002339 0.004051077)
(-0.004036807 -3.479471e-07 0.004024863)
(-0.003037216 -2.793395e-07 0.004007703)
(-0.002023373 -4.155631e-07 0.004002988)
(-0.001012054 -5.441601e-07 0.004001645)
(-5.313447e-06 -5.633e-07 0.004001305)
(0.0009982268 -4.942327e-07 0.004001461)
(0.00200008 -3.664214e-07 0.004002448)
(0.003000803 -2.890213e-07 0.004006097)
(0.003999029 -1.684344e-07 0.004019708)
(0.005 -1.647596e-08 0.004044803)
(-0.00403168 0.001004751 0.004027005)
(-0.003033235 0.001006891 0.004007884)
(-0.002021073 0.001008005 0.004003174)
(-0.001010902 0.001008308 0.004001909)
(-4.765772e-06 0.001008193 0.00400159)
(0.0009985961 0.001007805 0.004001709)
(0.002000548 0.001007287 0.004002607)
(0.003001703 0.001006022 0.004006128)
(0.004001211 0.001003901 0.004019955)
(0.005 0.001002206 0.004046983)
(-0.004025068 0.002010804 0.004021685)
(-0.003028402 0.002016236 0.004007516)
(-0.002018254 0.002018791 0.00400415)
(-0.001009411 0.002019511 0.004003242)
(-4.043477e-06 0.002019202 0.004003)
(0.0009990526 0.002018102 0.004002964)
(0.002001043 0.002017167 0.004003552)
(0.0030026 0.002014509 0.004006445)
(0.004003065 0.002009579 0.004019229)
(0.005 0.002005665 0.004045561)
(-0.004027279 0.003020313 0.004018093)
(-0.003025957 0.0030281 0.004009591)
(-0.0020155 0.003031421 0.004008762)
(-0.00100769 0.003032749 0.004008276)
(-3.230925e-06 0.003031896 0.004008221)
(0.0009994155 0.003029106 0.004007561)
(0.002001138 0.003028676 0.004007337)
(0.003002751 0.003025256 0.004008247)
(0.004003356 0.003018183 0.004016757)
(0.005 0.003012627 0.004036685)
(-0.004028502 0.004026082 0.004016307)
(-0.003021666 0.004030877 0.004022397)
(-0.002011103 0.004031267 0.004028854)
(-0.001005062 0.004033697 0.004027504)
(-2.351085e-06 0.004032417 0.004028647)
(0.0009995654 0.00402725 0.004024881)
(0.002000631 0.004030079 0.00402299)
(0.003001348 0.004027561 0.00401806)
(0.004001814 0.004023299 0.004016909)
(0.005 0.004024902 0.004032302)
(-0.0040378 0.005 0.00403151)
(-0.003019068 0.005 0.004051586)
(-0.002006974 0.005 0.00407207)
(-0.001002811 0.005 0.004063316)
(-2.240558e-06 0.005 0.004069658)
(0.0009995429 0.005 0.004056845)
(0.001999121 0.005 0.004054939)
(0.002998886 0.005 0.004039264)
(0.003996183 0.005 0.004019575)
(0.005 0.005 0.004)
(-0.00405575 -0.004057694 0.005)
(-0.003028707 -0.004078935 0.005)
(-0.0020132 -0.004077084 0.005)
(-0.001004281 -0.004093801 0.005)
(-1.75459e-06 -0.004091226 0.005)
(0.00099841 -0.004077769 0.005)
(0.001999793 -0.004071554 0.005)
(0.003001184 -0.00407016 0.005)
(0.004000968 -0.004057143 0.005)
(0.005 -0.004 0.005)
(-0.004089471 -0.003029437 0.005)
(-0.003047911 -0.003043242 0.005)
(-0.002021639 -0.003045813 0.005)
(-0.001008715 -0.00305044 0.005)
(-3.080026e-06 -0.003048458 0.005)
(0.0009990862 -0.003044853 0.005)
(0.002000255 -0.003040954 0.005)
(0.003001472 -0.00303688 0.005)
(0.004006052 -0.003025719 0.005)
(0.005 -0.003 0.005)
(-0.004097475 -0.00201224 0.005)
(-0.003053771 -0.002019753 0.005)
(-0.002025537 -0.002022436 0.005)
(-0.001010612 -0.002024068 0.005)
(-3.691686e-06 -0.002023481 0.005)
(0.0009990939 -0.002021891 0.005)
(0.002000107 -0.002020349 0.005)
(0.003001043 -0.002016948 0.005)
(0.004000646 -0.002010343 0.005)
(0.005 -0.002 0.005)
(-0.004097933 -0.001004612 0.005)
(-0.003053026 -0.001006507 0.005)
(-0.00202608 -0.001008517 0.005)
(-0.001010885 -0.001009139 0.005)
(-3.795373e-06 -0.001008986 0.005)
(0.0009991878 -0.001008406 0.005)
(0.002000516 -0.001007616 0.005)
(0.003001879 -0.001006312 0.005)
(0.004002235 -0.001003609 0.005)
(0.005 -0.001 0.005)
(-0.004085755 -4.12028e-07 0.005)
(-0.003049922 -1.390324e-07 0.005)
(-0.002024473 -2.413423e-07 0.005)
(-0.001010292 -3.636587e-07 0.005)
(-3.545524e-06 -3.801236e-07 0.005)
(0.0009993446 -3.206463e-07 0.005)
(0.002000809 -1.966902e-07 0.005)
(0.003001731 -1.99822e-07 0.005)
(0.003995128 -2.762714e-07 0.005)
(0.005 -6.928215e-22 0.005)
(-0.004073449 0.001004432 0.005)
(-0.003044661 0.001006524 0.005)
(-0.002021878 0.001007659 0.005)
(-0.001009171 0.001007859 0.005)
(-3.124704e-06 0.001007724 0.005)
(0.0009996385 0.001007333 0.005)
(0.002001275 0.001006905 0.005)
(0.003002858 0.001005494 0.005)
(0.004002703 0.001003496 0.005)
(0.005 0.001 0.005)
(-0.00405122 0.002009953 0.005)
(-0.003037021 0.002017306 0.005)
(-0.002018567 0.00202035 0.005)
(-0.001007724 0.002020829 0.005)
(-2.587094e-06 0.002020563 0.005)
(0.001000027 0.002019289 0.005)
(0.002001832 0.002018599 0.005)
(0.003003998 0.002015262 0.005)
(0.004008051 0.002009183 0.005)
(0.005 0.002 0.005)
(-0.004062843 0.003023695 0.005)
(-0.003033075 0.003037394 0.005)
(-0.002015228 0.003042672 0.005)
(-0.001006169 0.003044363 0.005)
(-2.012827e-06 0.00304324 0.005)
(0.001000297 0.0030382 0.005)
(0.002001843 0.003038745 0.005)
(0.003004517 0.003033531 0.005)
(0.004008948 0.003021683 0.005)
(0.005 0.003 0.005)
(-0.004052924 0.004052586 0.005)
(-0.003022393 0.004073667 0.005)
(-0.002009568 0.004071309 0.005)
(-0.001003602 0.004080474 0.005)
(-1.28815e-06 0.004077464 0.005)
(0.001000321 0.004058599 0.005)
(0.002002416 0.004072835 0.005)
(0.003003848 0.004064784 0.005)
(0.004009437 0.004047267 0.005)
(0.005 0.004 0.005)
(-0.004 0.005 0.005)
(-0.003 0.005 0.005)
(-0.002 0.005 0.005)
(-0.001 0.005 0.005)
(5.981265e-20 0.005 0.005)
(0.001 0.005 0.005)
(0.002 0.005 0.005)
(0.003 0.005 0.005)
(0.004 0.005 0.005)
(0.005 0.005 0.005)
)


// ************************************************************************* //
