/*--------------------------------*- C++ -*----------------------------------*\
| =========                 |                                                 |
| \\      /  F ield         | OpenFOAM: The Open Source CFD Toolbox           |
|  \\    /   O peration     | Version:  2.3.x                                 |
|   \\  /    A nd           | Web:      www.OpenFOAM.org                      |
|    \\/     M anipulation  |                                                 |
\*---------------------------------------------------------------------------*/
FoamFile
{
    version     2.0;
    format      ascii;
    class       labelList;
    location    "constant/solid1/polyMesh";
    object      pointRegionAddressing;
}
// * * * * * * * * * * * * * * * * * * * * * * * * * * * * * * * * * * * * * //


1331
(
342
1303
1304
1305
1306
1307
1308
1309
1310
1311
1312
2043
2050
2057
2064
2071
2078
2085
2092
2099
2106
3307
3308
3309
3310
3311
3312
3313
3314
3315
3316
3327
3328
3329
3330
3331
3332
3333
3334
3335
3336
3347
3348
3349
3350
3351
3352
3353
3354
3355
3356
3367
3368
3369
3370
3371
3372
3373
3374
3375
3376
3387
3388
3389
3390
3391
3392
3393
3394
3395
3396
3407
3408
3409
3410
3411
3412
3413
3414
3415
3416
3427
3428
3429
3430
3431
3432
3433
3434
3435
3436
3447
3448
3449
3450
3451
3452
3453
3454
3455
3456
3467
3468
3469
3470
3471
3472
3473
3474
3475
3476
3487
3488
3489
3490
3491
3492
3493
3494
3495
3496
5361
5410
5459
5508
5557
5606
5655
5704
5753
5802
5923
5924
5925
5926
5927
5928
5929
5930
5931
5932
6063
6064
6065
6066
6067
6068
6069
6070
6071
6072
6203
6204
6205
6206
6207
6208
6209
6210
6211
6212
6343
6344
6345
6346
6347
6348
6349
6350
6351
6352
6483
6484
6485
6486
6487
6488
6489
6490
6491
6492
6623
6624
6625
6626
6627
6628
6629
6630
6631
6632
6763
6764
6765
6766
6767
6768
6769
6770
6771
6772
6903
6904
6905
6906
6907
6908
6909
6910
6911
6912
7043
7044
7045
7046
7047
7048
7049
7050
7051
7052
7183
7184
7185
7186
7187
7188
7189
7190
7191
7192
7629
7636
7643
7650
7657
7664
7671
7678
7685
7692
7699
7706
7713
7720
7727
7734
7741
7748
7755
7762
7769
7776
7783
7790
7797
7804
7811
7818
7825
7832
7839
7846
7853
7860
7867
7874
7881
7888
7895
7902
7909
7916
7923
7930
7937
7944
7951
7958
7965
7972
7979
7986
7993
8000
8007
8014
8021
8028
8035
8042
8049
8056
8063
8070
8077
8084
8091
8098
8105
8112
8119
8126
8133
8140
8147
8154
8161
8168
8175
8182
8189
8196
8203
8210
8217
8224
8231
8238
8245
8252
8259
8266
8273
8280
8287
8294
8301
8308
8315
8322
8323
8324
8325
8326
8327
8328
8329
8330
8331
8332
8343
8344
8345
8346
8347
8348
8349
8350
8351
8352
8363
8364
8365
8366
8367
8368
8369
8370
8371
8372
8383
8384
8385
8386
8387
8388
8389
8390
8391
8392
8403
8404
8405
8406
8407
8408
8409
8410
8411
8412
8423
8424
8425
8426
8427
8428
8429
8430
8431
8432
8443
8444
8445
8446
8447
8448
8449
8450
8451
8452
8463
8464
8465
8466
8467
8468
8469
8470
8471
8472
8483
8484
8485
8486
8487
8488
8489
8490
8491
8492
8503
8504
8505
8506
8507
8508
8509
8510
8511
8512
8523
8524
8525
8526
8527
8528
8529
8530
8531
8532
8543
8544
8545
8546
8547
8548
8549
8550
8551
8552
8563
8564
8565
8566
8567
8568
8569
8570
8571
8572
8583
8584
8585
8586
8587
8588
8589
8590
8591
8592
8603
8604
8605
8606
8607
8608
8609
8610
8611
8612
8623
8624
8625
8626
8627
8628
8629
8630
8631
8632
8643
8644
8645
8646
8647
8648
8649
8650
8651
8652
8663
8664
8665
8666
8667
8668
8669
8670
8671
8672
8683
8684
8685
8686
8687
8688
8689
8690
8691
8692
8703
8704
8705
8706
8707
8708
8709
8710
8711
8712
8723
8724
8725
8726
8727
8728
8729
8730
8731
8732
8743
8744
8745
8746
8747
8748
8749
8750
8751
8752
8763
8764
8765
8766
8767
8768
8769
8770
8771
8772
8783
8784
8785
8786
8787
8788
8789
8790
8791
8792
8803
8804
8805
8806
8807
8808
8809
8810
8811
8812
8823
8824
8825
8826
8827
8828
8829
8830
8831
8832
8843
8844
8845
8846
8847
8848
8849
8850
8851
8852
8863
8864
8865
8866
8867
8868
8869
8870
8871
8872
8883
8884
8885
8886
8887
8888
8889
8890
8891
8892
8903
8904
8905
8906
8907
8908
8909
8910
8911
8912
8923
8924
8925
8926
8927
8928
8929
8930
8931
8932
8943
8944
8945
8946
8947
8948
8949
8950
8951
8952
8963
8964
8965
8966
8967
8968
8969
8970
8971
8972
8983
8984
8985
8986
8987
8988
8989
8990
8991
8992
9003
9004
9005
9006
9007
9008
9009
9010
9011
9012
9023
9024
9025
9026
9027
9028
9029
9030
9031
9032
9043
9044
9045
9046
9047
9048
9049
9050
9051
9052
9063
9064
9065
9066
9067
9068
9069
9070
9071
9072
9083
9084
9085
9086
9087
9088
9089
9090
9091
9092
9103
9104
9105
9106
9107
9108
9109
9110
9111
9112
9123
9124
9125
9126
9127
9128
9129
9130
9131
9132
9143
9144
9145
9146
9147
9148
9149
9150
9151
9152
9163
9164
9165
9166
9167
9168
9169
9170
9171
9172
9183
9184
9185
9186
9187
9188
9189
9190
9191
9192
9203
9204
9205
9206
9207
9208
9209
9210
9211
9212
9223
9224
9225
9226
9227
9228
9229
9230
9231
9232
9243
9244
9245
9246
9247
9248
9249
9250
9251
9252
9263
9264
9265
9266
9267
9268
9269
9270
9271
9272
9283
9284
9285
9286
9287
9288
9289
9290
9291
9292
9303
9304
9305
9306
9307
9308
9309
9310
9311
9312
9323
9324
9325
9326
9327
9328
9329
9330
9331
9332
9343
9344
9345
9346
9347
9348
9349
9350
9351
9352
9363
9364
9365
9366
9367
9368
9369
9370
9371
9372
9383
9384
9385
9386
9387
9388
9389
9390
9391
9392
9403
9404
9405
9406
9407
9408
9409
9410
9411
9412
9423
9424
9425
9426
9427
9428
9429
9430
9431
9432
9443
9444
9445
9446
9447
9448
9449
9450
9451
9452
9463
9464
9465
9466
9467
9468
9469
9470
9471
9472
9483
9484
9485
9486
9487
9488
9489
9490
9491
9492
9503
9504
9505
9506
9507
9508
9509
9510
9511
9512
9523
9524
9525
9526
9527
9528
9529
9530
9531
9532
9543
9544
9545
9546
9547
9548
9549
9550
9551
9552
9563
9564
9565
9566
9567
9568
9569
9570
9571
9572
9583
9584
9585
9586
9587
9588
9589
9590
9591
9592
9603
9604
9605
9606
9607
9608
9609
9610
9611
9612
9623
9624
9625
9626
9627
9628
9629
9630
9631
9632
9643
9644
9645
9646
9647
9648
9649
9650
9651
9652
9663
9664
9665
9666
9667
9668
9669
9670
9671
9672
9683
9684
9685
9686
9687
9688
9689
9690
9691
9692
9703
9704
9705
9706
9707
9708
9709
9710
9711
9712
9723
9724
9725
9726
9727
9728
9729
9730
9731
9732
9743
9744
9745
9746
9747
9748
9749
9750
9751
9752
9763
9764
9765
9766
9767
9768
9769
9770
9771
9772
9783
9784
9785
9786
9787
9788
9789
9790
9791
9792
9803
9804
9805
9806
9807
9808
9809
9810
9811
9812
9823
9824
9825
9826
9827
9828
9829
9830
9831
9832
9843
9844
9845
9846
9847
9848
9849
9850
9851
9852
9863
9864
9865
9866
9867
9868
9869
9870
9871
9872
9883
9884
9885
9886
9887
9888
9889
9890
9891
9892
9903
9904
9905
9906
9907
9908
9909
9910
9911
9912
9923
9924
9925
9926
9927
9928
9929
9930
9931
9932
9943
9944
9945
9946
9947
9948
9949
9950
9951
9952
9963
9964
9965
9966
9967
9968
9969
9970
9971
9972
9983
9984
9985
9986
9987
9988
9989
9990
9991
9992
10003
10004
10005
10006
10007
10008
10009
10010
10011
10012
10023
10024
10025
10026
10027
10028
10029
10030
10031
10032
10043
10044
10045
10046
10047
10048
10049
10050
10051
10052
10063
10064
10065
10066
10067
10068
10069
10070
10071
10072
10083
10084
10085
10086
10087
10088
10089
10090
10091
10092
10103
10104
10105
10106
10107
10108
10109
10110
10111
10112
10123
10124
10125
10126
10127
10128
10129
10130
10131
10132
10143
10144
10145
10146
10147
10148
10149
10150
10151
10152
10163
10164
10165
10166
10167
10168
10169
10170
10171
10172
10183
10184
10185
10186
10187
10188
10189
10190
10191
10192
10203
10204
10205
10206
10207
10208
10209
10210
10211
10212
10223
10224
10225
10226
10227
10228
10229
10230
10231
10232
10243
10244
10245
10246
10247
10248
10249
10250
10251
10252
10263
10264
10265
10266
10267
10268
10269
10270
10271
10272
10283
10284
10285
10286
10287
10288
10289
10290
10291
10292
10303
10304
10305
10306
10307
10308
10309
10310
10311
10312
)


// ************************************************************************* //
